0 0.1549415296875 0.14160856875 0.1555981265625 0.1274747734375 0.11254014062499999 0.1396387796875 0.1003474171875 0.1566913625 0.138119015625 0.157927865625 0.1549415296875 0.14160856875
0 0.3159297421875 0.16394264375 0.3417674046875 0.1506331828125 0.373365953125 0.150891971875 0.382548840625 0.1428545375 0.3854819875 0.12433538125000002 0.38134105625000003 0.12051556875 0.31927505625 0.1328329546875 0.2993660171875 0.14866339374999998 0.29789944375 0.15792297187499998 0.3159297421875 0.16394264375
0 0.4616726421875 0.811906871875 0.4277975453125 0.81603344375 0.4101650546875 0.827478521875 0.41690365468749996 0.8348737187499999 0.4323362859375 0.8373180078125 0.482300609375 0.8215019281249999 0.5162523953125 0.8268793625 0.547453134375 0.8096733984375 0.5754762984374999 0.8125298546874999 0.584903615625 0.8029491578125001 0.5721597015625 0.7835289765625 0.5274817640625 0.7859445468749999 0.5116369656249999 0.7960907921875 0.48442377812500004 0.798108553125 0.4616726421875 0.811906871875
0 0.3136199046875 0.5780547125 0.31215333125 0.587314290625 0.319869646875 0.588536434375 0.33595887343749997 0.5768469265625 0.3806368109375 0.5744313562500001 0.388520865625 0.56460623125 0.386656484375 0.5564010578125 0.3676484703125 0.5565544375 0.36130767812500003 0.5666239921875 0.33352894375000003 0.5622242734375 0.3136199046875 0.5780547125
0 0.4165296703125 0.597517971875 0.375824925 0.614800625 0.3532415265625 0.6175516734375 0.34893285625 0.6247791296874999 0.3628222234375 0.626978990625 0.37817816406250004 0.619919271875 0.3931219359375 0.6254500859375 0.424322675 0.6082441234375 0.47330928281249995 0.5986010953124999 0.5205992484374999 0.569705625 0.5207669875 0.5586583546874999 0.5050899281250001 0.557757328125 0.47469916718749994 0.579837509375 0.43798197187500004 0.5819319609375 0.4165296703125 0.597517971875
0 0.1154687171875 0.47073576250000004 0.1214883890625 0.4527054640625 0.1790923390625 0.42860752187499995 0.12109058125000001 0.4352407140625 0.10157935 0.468535903125 0.1154687171875 0.47073576250000004
1 0.09394429531250001 0.1272016265625 0.082897025 0.1270338875 0.0763118046875 0.1386467046875 0.09376219687500001 0.16830418125 0.13209934375000001 0.175958165625 0.1796337375 0.14551943125 0.1789148109375 0.1200939359375 0.1555981265625 0.1274747734375 0.13162484531250002 0.14898940624999998 0.107177065625 0.1435352828125 0.09394429531250001 0.1272016265625
1 0.3814944359375 0.1395235828125 0.3689805921875 0.14861542187500001 0.33583878125 0.1481122046875 0.32592260781250004 0.16077942812499998 0.32502158125 0.1764564875 0.34483957187500003 0.181177325 0.38059340937499997 0.15520064218750002 0.40959428906250006 0.1518840453125 0.4187915359375 0.113791328125 0.3964669265625 0.084943828125 0.377703340625 0.0835539453125 0.37834557812499997 0.099475434375 0.389225109375 0.11069044218749999 0.3814944359375 0.1395235828125
1 0.47623296562500006 0.7699176515625 0.46070928593750005 0.7880246390625001 0.4683345515625 0.8097980609375 0.4901079734375 0.8021727953125 0.5086271296875 0.805105940625 0.5229286640625 0.7947152671875 0.55119625625 0.7960284609375 0.563465671875 0.7884798843749999 0.5696387234375 0.7894576 0.5699598421875 0.79741834375 0.5351070296875 0.8077179687499999 0.516496825 0.8253360984375 0.48563156406249997 0.820447521875 0.4664558109375 0.831648171875 0.444850128125 0.82822616875 0.4402970296875 0.8369968890624999 0.4597028515625 0.854308259375 0.515581440625 0.8710684421874999 0.5479276328125 0.8366421578125 0.564337978125 0.83291339375 0.5744985828125 0.8187029078125001 0.5929410484375001 0.812132046875 0.5866146171875 0.7921463171875 0.5638778390625 0.7758893515625 0.53536581875 0.7761194203125 0.5216298312500001 0.792927575 0.48931235624999997 0.7672432921875 0.47623296562500006 0.7699176515625
1 0.06530304218750001 0.397929253125 0.06577754062499999 0.4248980109375 0.0934365078125 0.5099595765625 0.10854801875 0.5044431203124999 0.13528670781250002 0.47545660156249997 0.16127775 0.48115515468750003 0.17761140625 0.467922384375 0.1876953203125 0.444207890625 0.21027871718750002 0.4414568421875 0.19997909375 0.40660403125 0.16896045312500002 0.3827074390625 0.1263146359375 0.3822809125 0.10697114375000001 0.4045288328125 0.0951905875 0.4089908828125 0.06530304218750001 0.397929253125
1 0.3626065125 0.568411684375 0.34854940624999997 0.5772590953125001 0.32239062500000004 0.5826078109374999 0.3066368765625 0.5722027796875 0.29095981718749997 0.571301753125 0.290533290625 0.6139475703125 0.312781209375 0.6332910625 0.31828330625 0.678457859375 0.33802460624999997 0.6736746890624999 0.361432340625 0.645742575 0.3686597984375 0.6500512453125 0.3609291234375 0.6788843859375 0.37075425 0.6867684390625 0.38716459531249997 0.6830396765625 0.41731092812500004 0.6625027578125 0.461178890625 0.6552129703125 0.475082615625 0.6273575453125 0.50263128125 0.60324524375 0.4979248015625 0.59300795 0.4456072390625 0.6037053828125 0.397751725 0.6261833718750001 0.372570659375 0.6253590375 0.3667187265625 0.632342065625 0.3535626453125 0.6255124171875 0.3714395640625 0.612524075 0.402961421875 0.60327885625 0.4699926875 0.569600215625 0.5020800921874999 0.566772478125 0.5091541703125 0.5520731343749999 0.496486946875 0.542156959375 0.4500213171875 0.5458713640624999 0.3969848265625 0.5311433015625 0.37602138125 0.5436427859374999 0.3626065125 0.568411684375