2 0.1765625 0.584375 0.353125 0.2328125
2 0.15859375 0.41796875 0.209375 0.0796875
2 0.33515625 0.4234375 0.0578125 0.07421875
2 0.85703125 0.18125 0.14921875 0.08203125
1 0.50625 0.46171875 0.07421875 0.3578125
1 0.5921875 0.228125 0.0484375 0.1078125
0 0.91328125 0.61796875 0.053125 0.63203125
0 0.7234375 0.68125 0.03359375 0.4734375
0 0.5578125 0.71640625 0.02890625 0.25703125
0 0.6421875 0.53125 0.125 0.134375
0 0.82109375 0.4015625 0.1296875 0.1390625
0 0.4734375 0.67890625 0.13671875 0.14921875