1 0.58203125 0.42578125 0.06484375 0.365625
1 0.6609375 0.20703125 0.04296875 0.1296875
2 0.9171875 0.16015625 0.14921875 0.08671875
2 0.24375 0.5203125 0.3890625 0.19453125
2 0.43515625 0.38359375 0.05546875 0.084375
2 0.271875 0.3734375 0.209375 0.07421875
0 0.78125 0.603125 0.0265625 0.4375
0 0.96484375 0.578125 0.04296875 0.64921875
0 0.86875 0.353125 0.14453125 0.11328125
0 0.70078125 0.48203125 0.12734375 0.11796875
0 0.63125 0.66328125 0.03125 0.28828125
0 0.5640625 0.61328125 0.09609375 0.10546875