1 0.45078125 0.4109375 0.06015625 0.29296875
1 0.5265625 0.1296875 0.03828125 0.1078125
2 0.7984375 0.08671875 0.16328125 0.134375
2 0.14296875 0.31640625 0.2046875 0.08203125
2 0.28984375 0.35078125 0.0578125 0.0796875
2 0.14921875 0.484375 0.271875 0.209375
0 0.5109375 0.6546875 0.04296875 0.32421875
0 0.6703125 0.58203125 0.03359375 0.4953125
0 0.85078125 0.52890625 0.03125 0.68984375
0 0.90234375 0.61640625 0.06015625 0.09140625
0 0.7609375 0.2859375 0.1296875 0.1078125
0 0.59609375 0.42890625 0.11328125 0.115625
0 0.44375 0.57109375 0.0765625 0.08671875