1 0.52890625 0.81875 0.08203125 0.3578125
1 0.53984375 0.39921875 0.06015625 0.22578125
2 0.178125 0.8953125 0.35078125 0.19921875
2 0.3421875 0.76796875 0.06015625 0.0625
2 0.13671875 0.74375 0.2640625 0.084375
0 0.68046875 0.9078125 0.165625 0.15859375
0 0.7828125 0.90859375 0.02890625 0.1828125
0 0.884375 0.7984375 0.15859375 0.1421875
0 0.0578125 0.19453125 0.115625 0.084375
0 0.2390625 0.1859375 0.21171875 0.084375
0 0.4484375 0.25703125 0.03828125 0.134375
2 0.89296875 0.54296875 0.084375 0.125