1 0.5796875 0.43984375 0.06953125 0.31953125
1 0.65390625 0.2140625 0.06015625 0.13203125
2 0.89296875 0.2015625 0.14453125 0.0984375
2 0.2984375 0.41015625 0.18984375 0.0890625
2 0.44140625 0.4078125 0.0578125 0.09609375
2 0.265625 0.5421875 0.3890625 0.165625
0 0.771875 0.625 0.02890625 0.40625
0 0.9546875 0.58671875 0.0578125 0.59140625
0 0.853125 0.39453125 0.134375 0.13671875
0 0.69609375 0.50625 0.1203125 0.1109375
0 0.62890625 0.67421875 0.02890625 0.25234375
0 0.5640625 0.61796875 0.10078125 0.09609375