1 0.46171875 0.3796875 0.05546875 0.38203125
1 0.53828125 0.134375 0.0359375 0.115625
2 0.8125 0.0765625 0.15859375 0.1390625
2 0.1421875 0.32109375 0.20703125 0.08203125
2 0.29921875 0.3421875 0.06484375 0.12265625
2 0.1546875 0.4984375 0.30078125 0.23046875
0 0.8703125 0.515625 0.03125 0.66796875
0 0.91328125 0.62265625 0.053125 0.10546875
0 0.7703125 0.29453125 0.15390625 0.134375
0 0.68125 0.5625 0.03828125 0.43984375
0 0.59765625 0.4484375 0.1390625 0.14921875
0 0.52421875 0.625 0.04296875 0.29296875
0 0.4484375 0.584375 0.10078125 0.12265625