2 0.1625 0.62109375 0.321875 0.24765625
2 0.1703125 0.44453125 0.19453125 0.08203125
2 0.33046875 0.45078125 0.0453125 0.07421875
1 0.50390625 0.51953125 0.07421875 0.30546875
2 0.853125 0.2234375 0.15390625 0.0765625
0 0.9 0.6609375 0.03359375 0.63203125
0 0.946875 0.75859375 0.04296875 0.06953125
0 0.7203125 0.703125 0.03359375 0.44921875
0 0.55859375 0.759375 0.0265625 0.28828125
0 0.640625 0.571875 0.125 0.125
0 0.81015625 0.44140625 0.14453125 0.125
0 0.49609375 0.69453125 0.0890625 0.103125