1 0.50234375 0.4734375 0.07421875 0.3578125
2 0.16484375 0.5890625 0.32421875 0.22578125
2 0.15625 0.42578125 0.196875 0.09140625
2 0.33203125 0.4328125 0.06015625 0.0625
2 0.85078125 0.1875 0.146875 0.06484375
0 0.90234375 0.6390625 0.03828125 0.665625
0 0.9484375 0.73203125 0.0484375 0.10078125
0 0.80078125 0.4125 0.15625 0.12734375
0 0.7203125 0.68125 0.03828125 0.43515625
0 0.6296875 0.54453125 0.1390625 0.125
0 0.55859375 0.7359375 0.03359375 0.28359375
0 0.46875 0.6734375 0.14453125 0.11796875