1 0.55390625 0.4796875 0.06015625 0.28359375
1 0.62265625 0.25234375 0.0484375 0.11796875
2 0.875 0.20546875 0.14453125 0.09375
2 0.40859375 0.4484375 0.0796875 0.1109375
2 0.25234375 0.415625 0.2015625 0.0890625
2 0.2140625 0.55078125 0.365625 0.1703125
0 0.60234375 0.71171875 0.02890625 0.271875
0 0.7484375 0.66015625 0.02890625 0.44921875
0 0.921875 0.5875 0.03125 0.57421875
0 0.96640625 0.68984375 0.05078125 0.0984375
0 0.8375 0.40625 0.13671875 0.11796875
0 0.67890625 0.521875 0.11328125 0.10078125
0 0.53984375 0.64453125 0.09140625 0.08203125