1 0.4484375 0.39453125 0.06015625 0.3484375
1 0.51953125 0.1359375 0.053125 0.11328125
2 0.79453125 0.08984375 0.16796875 0.11328125
2 0.9734375 0.05078125 0.053125 0.09140625
2 0.1296875 0.33203125 0.19453125 0.0984375
2 0.28515625 0.36328125 0.06015625 0.10078125
2 0.15625 0.49140625 0.259375 0.2015625
0 0.50234375 0.640625 0.03359375 0.31484375
0 0.65859375 0.56875 0.03125 0.47578125
0 0.84765625 0.515625 0.040625 0.68515625
0 0.89921875 0.63359375 0.0484375 0.10546875
0 0.75390625 0.30390625 0.14453125 0.1296875
0 0.584375 0.43984375 0.11796875 0.11328125
0 0.43125 0.584375 0.10078125 0.09375