1 0.47734375 0.46171875 0.0765625 0.3921875
1 0.578125 0.17578125 0.05546875 0.15859375
2 0.896875 0.10234375 0.1875 0.11796875
2 0.115625 0.38359375 0.21640625 0.09140625
2 0.28828125 0.41953125 0.06484375 0.115625
2 0.15 0.5484375 0.2859375 0.2234375
0 0.5484375 0.7359375 0.0453125 0.303125
0 0.73203125 0.65234375 0.03359375 0.50234375
0 0.96171875 0.58046875 0.04296875 0.709375
0 0.84375 0.36328125 0.1828125 0.1609375
0 0.64453125 0.5140625 0.13671875 0.12734375
0 0.46171875 0.6609375 0.12734375 0.09140625