1 0.59375 0.4265625 0.06953125 0.334375
1 0.66796875 0.19921875 0.0625 0.1109375
2 0.9203125 0.1609375 0.15859375 0.10078125
2 0.2921875 0.36875 0.2359375 0.11796875
2 0.44375 0.38671875 0.053125 0.08671875
2 0.25390625 0.53828125 0.4515625 0.2234375
0 0.7859375 0.615625 0.03125 0.4734375
0 0.9640625 0.54296875 0.03828125 0.5984375
0 0.87265625 0.3609375 0.13671875 0.11796875
0 0.7046875 0.49296875 0.12265625 0.11796875
0 0.63671875 0.6546875 0.0171875 0.25703125
0 0.56640625 0.60234375 0.12265625 0.11328125