2 0.12734375 0.40390625 0.2015625 0.09609375
2 0.14921875 0.56640625 0.27890625 0.2140625
2 0.2953125 0.41328125 0.06015625 0.0671875
2 0.8109375 0.16484375 0.15390625 0.09140625
2 0.97265625 0.140625 0.04296875 0.1203125
1 0.4625 0.4578125 0.07421875 0.38671875
0 0.8640625 0.60703125 0.03828125 0.64921875
0 0.91328125 0.71015625 0.04296875 0.071875
0 0.7671875 0.39921875 0.15390625 0.14453125
0 0.68125 0.678125 0.03125 0.48046875
0 0.59375 0.5296875 0.13671875 0.12734375
0 0.5203125 0.734375 0.0359375 0.30546875
0 0.45546875 0.6625 0.09140625 0.115625
1 0.53515625 0.2125 0.02890625 0.10546875