1 0.51171875 0.4703125 0.0671875 0.28359375
1 0.5984375 0.171875 0.05078125 0.1390625
2 0.88125 0.13359375 0.16796875 0.1296875
2 0.18359375 0.39296875 0.19453125 0.10078125
2 0.35078125 0.41328125 0.0671875 0.11328125
2 0.1921875 0.54921875 0.33671875 0.19921875
0 0.57109375 0.6984375 0.03828125 0.2984375
0 0.740625 0.63671875 0.03359375 0.46640625
0 0.9375 0.58671875 0.040625 0.6828125
0 0.83671875 0.3546875 0.1609375 0.115625
0 0.65859375 0.5015625 0.13203125 0.1109375
0 0.5015625 0.640625 0.103125 0.09140625