2 0.43125 0.16015625 0.04296875 0.11796875
2 0.05859375 0.0875 0.115625 0.071875
2 0.24140625 0.07421875 0.1734375 0.05078125
2 0.13203125 0.63203125 0.2640625 0.071875
2 0.16796875 0.7828125 0.33203125 0.2046875
2 0.33203125 0.6390625 0.06015625 0.0625
2 0.909375 0.41484375 0.18125 0.1484375
1 0.521875 0.6859375 0.0671875 0.3265625
1 0.53125 0.2875 0.0359375 0.2140625
0 0.95703125 0.76796875 0.06484375 0.4640625
0 0.84375 0.6515625 0.1421875 0.1203125
0 0.7546875 0.84609375 0.0265625 0.30546875
0 0.66328125 0.77265625 0.1515625 0.13203125
0 0.5765625 0.90234375 0.03125 0.178125
0 0.4828125 0.9015625 0.13203125 0.115625