1 0.5890625 0.43359375 0.06484375 0.31484375
1 0.65234375 0.2203125 0.0453125 0.125
2 0.89765625 0.1875 0.1421875 0.115625
2 0.28359375 0.39453125 0.240625 0.10078125
2 0.23828125 0.521875 0.40390625 0.14453125
2 0.44609375 0.39765625 0.0578125 0.08671875
0 0.775 0.62109375 0.03125 0.41328125
0 0.9484375 0.56640625 0.0265625 0.57421875
0 0.8640625 0.384375 0.1421875 0.134375
0 0.696875 0.50390625 0.125 0.125
0 0.63203125 0.66328125 0.03359375 0.2359375
0 0.57578125 0.615625 0.09609375 0.10078125