1 0.475 0.4671875 0.053125 0.3890625
2 0.81953125 0.1859375 0.1515625 0.08671875
2 0.12734375 0.42578125 0.228125 0.10078125
2 0.1578125 0.5890625 0.2984375 0.22109375
2 0.3125 0.4390625 0.0625 0.0796875
0 0.8640625 0.63125 0.04296875 0.665625
0 0.91328125 0.73203125 0.0453125 0.08671875
0 0.69453125 0.69453125 0.0453125 0.49765625
0 0.7828125 0.4125 0.11796875 0.1296875
0 0.60546875 0.54453125 0.134375 0.13671875
0 0.5265625 0.740625 0.03359375 0.3078125
0 0.4625 0.6703125 0.11328125 0.10078125