1 0.52890625 0.72734375 0.08203125 0.3609375
2 0.178125 0.82421875 0.334375 0.209375
2 0.13828125 0.665625 0.25 0.0890625
2 0.3375 0.68125 0.06015625 0.0671875
1 0.5421875 0.31875 0.05078125 0.2328125
2 0.0765625 0.115625 0.153125 0.0875
2 0.2546875 0.11328125 0.18046875 0.09140625
0 0.9796875 0.790625 0.03125 0.37265625
0 0.86796875 0.69375 0.16796875 0.115625
0 0.77421875 0.86640625 0.0484375 0.2671875
0 0.66953125 0.81953125 0.15859375 0.1390625
0 0.5875 0.92890625 0.02890625 0.12734375
0 0.49375 0.93828125 0.15625 0.1234375
2 0.91796875 0.44921875 0.16328125 0.134375
2 0.4375 0.18046875 0.05078125 0.13671875