1 0.353125 0.50859375 0.05546875 0.3265625
1 0.44453125 0.14921875 0.03359375 0.1078125
2 0.7875 0.08984375 0.1921875 0.13203125
2 0.98046875 0.06875 0.03828125 0.134375
2 0.13828125 0.4203125 0.071875 0.10546875
2 0.0265625 0.37109375 0.05078125 0.09140625
2 0.071875 0.59453125 0.14375 0.2796875
0 0.334375 0.7296875 0.14921875 0.17578125
0 0.43515625 0.76796875 0.0484375 0.34609375
0 0.53828125 0.540625 0.14921875 0.1390625
0 0.6265625 0.6828125 0.02890625 0.5265625
0 0.740625 0.375 0.1875 0.15625
0 0.8578125 0.61171875 0.04296875 0.7453125
0 0.9171875 0.7828125 0.0625 0.07421875
0 0.9375 0.2171875 0.11328125 0.1078125