1 0.48828125 0.46171875 0.0765625 0.31484375
1 0.55390625 0.1734375 0.02890625 0.13203125
2 0.83515625 0.125 0.165625 0.084375
2 0.1609375 0.54296875 0.3171875 0.21875
2 0.30625 0.37890625 0.0625 0.103125
2 0.12734375 0.38671875 0.24765625 0.0796875
0 0.69375 0.62265625 0.0265625 0.46640625
0 0.88828125 0.5609375 0.03828125 0.634375
0 0.9375 0.678125 0.05546875 0.10546875
0 0.78984375 0.3609375 0.15859375 0.1421875
0 0.6140625 0.49765625 0.14453125 0.1390625
0 0.5421875 0.6859375 0.04296875 0.2765625
0 0.46171875 0.62734375 0.11796875 0.1078125