1 0.453125 0.165625 0.02890625 0.12734375
1 0.36640625 0.49609375 0.071875 0.3796875
2 0.79296875 0.09375 0.18984375 0.115625
2 0.984375 0.053125 0.03125 0.0984375
2 0.1453125 0.42421875 0.06015625 0.07421875
2 0.03359375 0.37109375 0.0671875 0.0796875
2 0.08046875 0.5828125 0.15859375 0.2359375
0 0.4359375 0.7859375 0.040625 0.3484375
0 0.62890625 0.703125 0.03125 0.5484375
0 0.86328125 0.6234375 0.040625 0.75234375
0 0.915625 0.7859375 0.053125 0.071875
0 0.94453125 0.228125 0.1109375 0.1203125
0 0.74296875 0.3796875 0.17578125 0.1515625
0 0.5359375 0.56875 0.146875 0.17578125
0 0.3453125 0.70703125 0.13203125 0.12265625