1 0.4828125 0.4625 0.0765625 0.396875
2 0.828125 0.21015625 0.146875 0.0765625
2 0.146875 0.4359375 0.22578125 0.09375
2 0.1578125 0.6203125 0.31484375 0.27421875
2 0.31875 0.44921875 0.053125 0.071875
0 0.87734375 0.6265625 0.03828125 0.6203125
0 0.9265625 0.73203125 0.053125 0.07421875
0 0.78359375 0.4359375 0.1421875 0.134375
0 0.6984375 0.70078125 0.03359375 0.46640625
0 0.61796875 0.56484375 0.12734375 0.13671875
0 0.54296875 0.74609375 0.02890625 0.2984375
0 0.47734375 0.6984375 0.10078125 0.11796875