1 0.525 0.47578125 0.0625 0.34140625
1 0.6078125 0.24375 0.05546875 0.16328125
2 0.86796875 0.1921875 0.15625 0.0984375
2 0.228125 0.40234375 0.1609375 0.103125
2 0.37109375 0.4359375 0.0484375 0.09609375
2 0.18359375 0.553125 0.35546875 0.2046875
0 0.5828125 0.709375 0.0359375 0.27890625
0 0.73828125 0.6390625 0.03828125 0.446875
0 0.91484375 0.57109375 0.02890625 0.59609375
0 0.9625 0.696875 0.05078125 0.09140625
0 0.8265625 0.39765625 0.13671875 0.12734375
0 0.6625 0.51796875 0.11328125 0.10546875
0 0.52421875 0.634375 0.08671875 0.06953125