0 0.47734375 0.76171875 0.04296875 0.3265625
0 0.65234375 0.7171875 0.03828125 0.521875
0 0.85703125 0.63203125 0.0359375 0.69921875
0 0.9046875 0.75 0.04296875 0.07421875
0 0.75234375 0.4015625 0.15390625 0.1296875
0 0.5671875 0.5484375 0.1296875 0.13203125
0 0.38828125 0.7140625 0.11796875 0.1390625
2 0.80078125 0.1609375 0.1734375 0.09375
2 0.975 0.12734375 0.04296875 0.14453125
2 0.11328125 0.59609375 0.2234375 0.2640625
2 0.22578125 0.42578125 0.071875 0.0625
2 0.06875 0.4078125 0.13671875 0.09375
1 0.41015625 0.48203125 0.0671875 0.33671875
1 0.4984375 0.21171875 0.053125 0.11328125