0 0.18125 0.3390625 0.34375 0.0984375
0 0.125 0.4796875 0.06015625 0.19921875
0 0.3109375 0.509375 0.04296875 0.29296875
2 0.23203125 0.58203125 0.10078125 0.15390625
0 0.48828125 0.72734375 0.0453125 0.5453125
0 0.65625 0.7859375 0.04296875 0.428125
0 0.78984375 0.85078125 0.0578125 0.2984375
0 0.88828125 0.86328125 0.12734375 0.21875
0 0.7171875 0.678125 0.08203125 0.14453125
0 0.578125 0.57578125 0.13671875 0.1390625
0 0.40625 0.42578125 0.10546875 0.12734375
0 0.14765625 0.44140625 0.28828125 0.0578125
1 0.86171875 0.64921875 0.03125 0.2984375
2 0.890625 0.36640625 0.13671875 0.1296875
2 0.5796875 0.36328125 0.12265625 0.08671875