2 0.50703125 0.24140625 0.2046875 0.4421875
2 0.62109375 0.33671875 0.10078125 0.0765625
2 0.69453125 0.43125 0.15625 0.0765625
2 0.67578125 0.115625 0.12734375 0.2046875
2 0.7984375 0.1 0.02890625 0.06484375
1 0.81015625 0.05078125 0.0890625 0.10078125
0 0.73671875 0.40859375 0.3125 0.053125
0 0.9734375 0.1296875 0.053125 0.228125
0 0.9484375 0.34765625 0.10078125 0.1875
0 0.8546875 0.11796875 0.209375 0.05546875
0 0.5921875 0.1140625 0.25703125 0.0578125
0 0.72578125 0.2234375 0.03125 0.3890625