0 0.26953125 0.17578125 0.03828125 0.3171875
0 0.459375 0.1890625 0.04296875 0.3296875
0 0.6265625 0.234375 0.071875 0.24296875
0 0.6671875 0.053125 0.06015625 0.103125
0 0.74296875 0.1671875 0.14453125 0.0765625
0 0.759375 0.28828125 0.0796875 0.1296875
0 0.90234375 0.16015625 0.1734375 0.12734375
0 0.86171875 0.30078125 0.0796875 0.125
0 0.68515625 0.37890625 0.37734375 0.05546875
0 0.2515625 0.35078125 0.26171875 0.0578125
0 0.36640625 0.07109375 0.14921875 0.06953125
0 0.5375 0.12109375 0.09609375 0.0671875
0 0.05078125 0.2171875 0.10078125 0.290625
0 0.1984375 0.03125 0.125 0.06015625
2 0.0375 0.18984375 0.0359375 0.04296875
2 0.02421875 0.12265625 0.0359375 0.053125
2 0.0875 0.3765625 0.11328125 0.1203125