2 0.25390625 0.8265625 0.08203125 0.34609375
2 0.1296875 0.94453125 0.19453125 0.1109375
2 0.40625 0.83046875 0.21640625 0.115625
2 0.40859375 0.6453125 0.24296875 0.12265625
1 0.7453125 0.803125 0.0890625 0.071875
1 0.93515625 0.740625 0.0625 0.05546875
1 0.875 0.55390625 0.11796875 0.084375
1 0.12109375 0.7078125 0.18515625 0.09140625
1 0.7546875 0.56015625 0.09375 0.05546875
0 0.58515625 0.93125 0.0984375 0.07421875
0 0.45703125 0.8171875 0.08671875 0.05078125
0 0.353125 0.8578125 0.1078125 0.06484375
0 0.11875 0.70703125 0.16328125 0.0578125
0 0.37890625 0.65 0.16328125 0.06484375
0 0.5140625 0.68125 0.01953125 0.1734375