1 0.30859375 0.34140625 0.09375 0.259375
1 0.52890625 0.31875 0.2765625 0.2046875
1 0.84375 0.296875 0.26953125 0.178125
1 0.76953125 0.1890625 0.10546875 0.053125
1 0.8015625 0.41328125 0.2359375 0.06015625
1 0.84765625 0.72109375 0.1734375 0.178125
1 0.68046875 0.775 0.09140625 0.1921875
1 0.49296875 0.81875 0.12734375 0.2359375
0 0.49765625 0.6890625 0.15859375 0.05078125
0 0.46484375 0.57421875 0.125 0.0796875
0 0.59765625 0.58515625 0.03359375 0.071875
2 0.3765625 0.459375 0.06015625 0.0890625
1 0.05859375 0.95703125 0.1171875 0.0796875