1 0.428125 0.75 0.040625 0.2046875
0 0.71171875 0.6453125 0.51953125 0.06484375
0 0.57421875 0.884375 0.35546875 0.0578125
0 0.91328125 0.87109375 0.1734375 0.0578125
0 0.3609375 0.87109375 0.03828125 0.25703125
0 0.228125 0.765625 0.1828125 0.13671875
0 0.06640625 0.88828125 0.13203125 0.12265625
2 0.07421875 0.92890625 0.0453125 0.1078125
2 0.25390625 0.96171875 0.06015625 0.07421875
2 0.3609375 0.87109375 0.0578125 0.25703125
2 0.71875 0.6359375 0.5625 0.1203125
2 0.775 0.78984375 0.084375 0.4203125
2 0.69453125 0.87109375 0.6109375 0.11328125
2 0.15859375 0.6078125 0.0765625 0.2328125
2 0.365625 0.61796875 0.06953125 0.27890625
2 0.56875 0.53828125 0.05546875 0.178125
2 0.8140625 0.2671875 0.02890625 0.3609375
2 0.88671875 0.446875 0.1390625 0.06484375
2 0.94921875 0.28828125 0.05078125 0.3078125
2 0.88203125 0.13359375 0.11796875 0.0625