0 0.17421875 0.05390625 0.21171875 0.053125
0 0.41015625 0.08984375 0.2015625 0.0625
0 0.62890625 0.11875 0.16328125 0.053125
0 0.8390625 0.13828125 0.1703125 0.06484375
0 0.38125 0.38671875 0.43984375 0.053125
0 0.52734375 0.1984375 0.02421875 0.31953125
0 0.71171875 0.2203125 0.06953125 0.3265625
0 0.80625 0.39453125 0.37265625 0.02890625
0 0.9640625 0.15 0.0625 0.18515625
0 0.8890625 0.28359375 0.09609375 0.19921875
0 0.321875 0.19140625 0.0625 0.3484375
2 0.10234375 0.2296875 0.2015625 0.459375
2 0.22578125 0.31484375 0.103125 0.0890625
2 0.225 0.0578125 0.115625 0.04296875
2 0.3734375 0.09375 0.03359375 0.053125