1 0.5140625 0.459375 0.09140625 0.1203125
1 0.60703125 0.49296875 0.03828125 0.18984375
2 0.709375 0.39296875 0.1421875 0.146875
2 0.19921875 0.4203125 0.0796875 0.0890625
2 0.02734375 0.0421875 0.03359375 0.0765625
0 0.1359375 0.3375 0.0359375 0.178125
0 0.26171875 0.38671875 0.03125 0.1921875
0 0.025 0.31640625 0.02890625 0.15625
0 0.35234375 0.62265625 0.040625 0.03359375
1 0.34609375 0.2703125 0.0484375 0.06484375
1 0.51328125 0.365625 0.10078125 0.053125
1 0.95078125 0.4421875 0.0984375 0.0578125