2 0.43359375 0.64296875 0.06015625 0.1703125
2 0.603125 0.6140625 0.0484375 0.178125
2 0.790625 0.82578125 0.05546875 0.3484375
2 0.26328125 0.63828125 0.03359375 0.18984375
2 0.09765625 0.66796875 0.0359375 0.10078125
2 0.74609375 0.7125 0.50703125 0.0796875
2 0.721875 0.91171875 0.55625 0.1328125
2 0.4328125 0.86484375 0.05 0.2703125
2 0.10703125 0.95078125 0.05078125 0.0984375
2 0.33671875 0.94921875 0.06953125 0.08203125
0 0.12890625 0.9328125 0.21875 0.134375
0 0.28828125 0.8140625 0.16328125 0.06953125
0 0.73203125 0.91015625 0.5359375 0.07421875
0 0.63125 0.709375 0.228125 0.03828125
0 0.43515625 0.89609375 0.0359375 0.2078125
1 0.48671875 0.77421875 0.03359375 0.146875