1 0.5578125 0.51953125 0.11328125 0.27890625
1 0.703125 0.46484375 0.17578125 0.1734375
1 0.89765625 0.46875 0.2046875 0.16796875
2 0.85546875 0.5625 0.125 0.06953125
0 0.65859375 0.6703125 0.09609375 0.03828125
0 0.6703125 0.759375 0.103125 0.0359375
1 0.6546875 0.85546875 0.07421875 0.165625
1 0.86171875 0.82109375 0.2140625 0.15390625
1 0.24375 0.74609375 0.12265625 0.05546875
1 0.3765625 0.975 0.09140625 0.03828125
1 0.478125 0.93984375 0.0625 0.05078125
1 0.29921875 0.421875 0.02890625 0.06015625