1 0.625 0.60078125 0.0625 0.2359375
1 0.4859375 0.54296875 0.2046875 0.12734375
1 0.33984375 0.53359375 0.08671875 0.1078125
2 0.15625 0.490625 0.04296875 0.08203125
1 0.26953125 0.29921875 0.0359375 0.071875
1 0.4484375 0.7953125 0.0625 0.11328125
1 0.53984375 0.81484375 0.053125 0.134375
1 0.3421875 0.771875 0.10546875 0.0765625
2 0.72109375 0.88125 0.15625 0.06953125
2 0.6734375 0.68984375 0.05546875 0.08671875
2 0.5984375 0.646875 0.04296875 0.08203125
1 0.55625 0.7328125 0.0765625 0.03828125
0 0.2859375 0.32578125 0.040625 0.084375
0 0.365625 0.6265625 0.12265625 0.0578125