1 0.7875 0.36328125 0.06953125 0.25
1 0.9640625 0.40859375 0.0625 0.334375
1 0.62734375 0.33984375 0.11796875 0.23828125
1 0.5140625 0.26328125 0.09375 0.26953125
1 0.4171875 0.26171875 0.06953125 0.134375
1 0.2171875 0.2703125 0.02890625 0.0359375
1 0.25390625 0.28984375 0.021875 0.0453125
1 0.2859375 0.3125 0.0140625 0.03828125
1 0.3171875 0.334375 0.02421875 0.053125
1 0.359375 0.35546875 0.03828125 0.06953125
1 0.321875 0.1296875 0.0890625 0.08203125
1 0.43515625 0.10078125 0.0796875 0.103125
1 0.265625 0.03359375 0.13671875 0.06484375
2 0.50625 0.21484375 0.05078125 0.0765625
2 0.50859375 0.28515625 0.02890625 0.0625