1 0.55546875 0.28359375 0.10546875 0.16796875
1 0.51953125 0.1046875 0.16328125 0.16796875
1 0.7359375 0.15859375 0.0984375 0.30078125
1 0.81953125 0.353125 0.11796875 0.1734375
1 0.940625 0.52578125 0.11875 0.2640625
1 0.57578125 0.5765625 0.06484375 0.09375
1 0.509375 0.53984375 0.0359375 0.0796875
1 0.45703125 0.50625 0.021875 0.05078125
1 0.4109375 0.4703125 0.03125 0.06484375
1 0.3578125 0.44375 0.03359375 0.05546875
1 0.64921875 0.45546875 0.09140625 0.21171875
1 0.7953125 0.53515625 0.11328125 0.18046875
2 0.8015625 0.4796875 0.03828125 0.103125
2 0.80390625 0.39921875 0.040625 0.084375
2 0.37890625 0.30546875 0.09375 0.146875
2 0.8640625 0.11171875 0.10546875 0.14453125
0 0.79921875 0.10078125 0.12265625 0.05546875