1 0.69921875 0.271875 0.1203125 0.209375
1 0.88359375 0.23671875 0.2328125 0.115625
1 0.78984375 0.53984375 0.08203125 0.16328125
1 0.92578125 0.51328125 0.146875 0.1421875
1 0.55390625 0.60078125 0.07421875 0.06953125
1 0.640625 0.60078125 0.05078125 0.053125
1 0.3953125 0.61640625 0.0578125 0.05546875
1 0.4734375 0.40859375 0.10546875 0.04296875
2 0.2328125 0.65859375 0.09140625 0.16796875
1 0.49296875 0.1921875 0.040625 0.0484375
2 0.428125 0.7171875 0.09375 0.084375
2 0.5296875 0.6828125 0.0796875 0.08203125