2 0.12265625 0.2546875 0.2453125 0.49765625
2 0.23828125 0.35234375 0.11328125 0.09609375
2 0.328125 0.45078125 0.1609375 0.1078125
2 0.38828125 0.1578125 0.0359375 0.04296875
0 0.1984375 0.1109375 0.31015625 0.0984375
0 0.36796875 0.42578125 0.459375 0.053125
0 0.52734375 0.1734375 0.3296875 0.10546875
0 0.5328125 0.22734375 0.0484375 0.31953125
0 0.6765625 0.33671875 0.040625 0.18984375
0 0.8578125 0.4328125 0.2765625 0.05546875
0 0.85078125 0.2171875 0.2984375 0.1203125
0 0.68125 0.0625 0.54296875 0.125
0 0.8390625 0.334375 0.10078125 0.12734375
0 0.3328125 0.23828125 0.06484375 0.4015625