1 0.61875 0.2640625 0.11328125 0.21171875
1 0.78515625 0.3265625 0.06484375 0.271875
1 0.9484375 0.334375 0.06953125 0.290625
1 0.45546875 0.06953125 0.06484375 0.07421875
1 0.5328125 0.29921875 0.02890625 0.08203125
1 0.51796875 0.15 0.06484375 0.125
2 0.515625 0.19140625 0.0359375 0.1078125
2 0.2328125 0.1109375 0.06015625 0.06484375
1 0.23203125 0.2296875 0.02890625 0.040625
1 0.265625 0.2453125 0.01953125 0.0359375
1 0.296875 0.275 0.02421875 0.053125
1 0.33046875 0.2859375 0.021875 0.05078125
1 0.37109375 0.31875 0.0484375 0.0765625
1 0.42421875 0.2140625 0.0671875 0.13671875
1 0.9640625 0.14296875 0.0625 0.09140625
1 0.33515625 0.09609375 0.08671875 0.0984375