2 0.290625 0.0421875 0.0984375 0.071875
1 0.27734375 0.2640625 0.0265625 0.05546875
1 0.33984375 0.30625 0.0359375 0.08671875
1 0.39453125 0.3421875 0.0359375 0.06953125
1 0.459375 0.37890625 0.04296875 0.06953125
1 0.53515625 0.41796875 0.06015625 0.0796875
1 0.63125 0.2671875 0.10546875 0.30078125
1 0.821875 0.3609375 0.12734375 0.26171875
2 0.81875 0.2859375 0.03828125 0.103125
1 0.81875 0.11640625 0.14453125 0.1921875
2 0.83203125 0.14921875 0.06953125 0.06953125
1 0.95078125 0.321875 0.09375 0.38203125