1 0.3765625 0.77890625 0.05546875 0.2359375
2 0.53125 0.57109375 0.06953125 0.22578125
2 0.30390625 0.5796875 0.06484375 0.21640625
2 0.10234375 0.603125 0.09375 0.25234375
2 0.7328125 0.8015625 0.06484375 0.396875
2 0.70859375 0.66953125 0.5828125 0.1484375
2 0.66953125 0.91953125 0.6609375 0.115625
2 0.3125 0.88359375 0.0890625 0.2328125
2 0.01328125 0.9484375 0.0265625 0.0765625
0 0.1546875 0.81015625 0.26171875 0.1921875
0 0.521875 0.9109375 0.34375 0.04296875
0 0.3078125 0.89375 0.028125 0.2125
0 0.55390625 0.67578125 0.2671875 0.06015625
0 0.89296875 0.88828125 0.20703125 0.040625