1 0.38828125 0.18359375 0.0765625 0.07421875
1 0.59765625 0.22578125 0.1203125 0.15390625
1 0.75 0.41953125 0.1390625 0.2546875
1 0.9546875 0.46640625 0.084375 0.30078125
1 0.24375 0.34140625 0.02890625 0.04296875
1 0.28828125 0.36875 0.02890625 0.040625
1 0.33046875 0.39921875 0.0265625 0.03828125
1 0.36875 0.42578125 0.03359375 0.0578125
1 0.4171875 0.44921875 0.03828125 0.0578125
1 0.48046875 0.33671875 0.071875 0.1828125
1 0.6234375 0.4265625 0.071875 0.13671875
2 0.60546875 0.31875 0.05078125 0.115625
1 0.30859375 0.0625 0.16796875 0.12265625
2 0.24296875 0.21171875 0.09140625 0.0765625
1 0.56953125 0.0375 0.11796875 0.06484375
1 0.521875 0.171875 0.09609375 0.08203125