2 0.44375 0.6 0.06953125 0.21171875
2 0.25703125 0.6109375 0.06015625 0.21171875
2 0.63125 0.56640625 0.05078125 0.2046875
2 0.8265625 0.8078125 0.06484375 0.384375
2 0.7546875 0.6828125 0.4859375 0.10546875
2 0.7375 0.8859375 0.525 0.128125
2 0.44140625 0.87265625 0.06015625 0.25234375
2 0.3484375 0.94453125 0.0796875 0.1109375
2 0.08046875 0.9359375 0.0890625 0.12734375
1 0.5 0.76796875 0.0359375 0.19921875
2 0.06875 0.615625 0.0765625 0.21640625
0 0.7390625 0.89296875 0.521875 0.0796875
0 0.65859375 0.6765625 0.24765625 0.05078125
0 0.44453125 0.88203125 0.03828125 0.2359375
0 0.31875 0.7609375 0.16328125 0.1078125
0 0.178125 0.8609375 0.11796875 0.084375
0 0.06015625 0.94921875 0.11796875 0.09375