0 0.2359375 0.15 0.040625 0.2859375
0 0.42578125 0.18515625 0.0453125 0.28828125
0 0.32578125 0.0296875 0.12265625 0.05546875
0 0.53515625 0.09609375 0.15390625 0.0890625
0 0.5890625 0.23828125 0.071875 0.1828125
0 0.6828125 0.103125 0.13671875 0.15859375
0 0.82578125 0.15234375 0.134375 0.115625
0 0.7953125 0.28359375 0.08203125 0.1078125
0 0.703125 0.27421875 0.06484375 0.115625
0 0.63203125 0.35078125 0.2984375 0.06015625
0 0.9078125 0.37265625 0.09609375 0.05078125
0 0.27421875 0.32109375 0.38203125 0.06953125