2 0.23671875 0.57578125 0.2359375 0.146875
0 0.29296875 0.42890625 0.07421875 0.2859375
1 0.2125 0.8421875 0.09375 0.31484375
0 0.678125 0.83125 0.05 0.3375
0 0.88671875 0.7296875 0.06484375 0.41796875
0 0.490625 0.9203125 0.0671875 0.15859375
0 0.59140625 0.7875 0.15859375 0.1203125
0 0.37265625 0.92421875 0.15859375 0.1515625
0 0.7796875 0.64453125 0.16328125 0.17578125
0 0.8078125 0.94453125 0.0890625 0.1109375
0 0.96015625 0.59609375 0.0796875 0.18046875
2 0.33046875 0.0375 0.22109375 0.071875