1 0.64296875 0.38671875 0.0984375 0.21640625
1 0.95390625 0.45546875 0.0921875 0.2859375
1 0.82421875 0.28125 0.1515625 0.18515625
2 0.81875 0.30390625 0.0796875 0.1109375
1 0.81015625 0.48203125 0.115625 0.18515625
2 0.80859375 0.4125 0.04296875 0.10078125
2 0.34140625 0.19921875 0.09609375 0.1296875
1 0.53984375 0.178125 0.10546875 0.09140625
1 0.52265625 0.0578125 0.10546875 0.1078125
1 0.77890625 0.10703125 0.09375 0.19453125
1 0.3421875 0.38203125 0.05078125 0.0671875
1 0.3859375 0.41015625 0.021875 0.0625
1 0.43984375 0.4484375 0.04296875 0.06484375
1 0.4953125 0.48203125 0.03828125 0.07421875
1 0.55625 0.525 0.05078125 0.0796875