2 0.4640625 0.73671875 0.07421875 0.20703125
2 0.2234375 0.75859375 0.0890625 0.2015625
1 0.2984375 0.92421875 0.04296875 0.14921875
0 0.49609375 0.85078125 0.3171875 0.084375
2 0.53515625 0.890625 0.42578125 0.21875
2 0.87578125 0.81875 0.2484375 0.15625
2 0.05546875 0.959375 0.103125 0.06484375
2 0.20078125 0.925 0.0859375 0.15
2 0.85703125 0.59609375 0.09140625 0.05078125
2 0.7484375 0.4375 0.02421875 0.2984375
2 0.81015625 0.25390625 0.0796875 0.04296875
2 0.89296875 0.39296875 0.02890625 0.2453125