1 0.46484375 0.0984375 0.13203125 0.16796875
1 0.5171875 0.25703125 0.11328125 0.14453125
1 0.68515625 0.25625 0.1078125 0.1390625
1 0.6671875 0.09140625 0.08203125 0.1828125
1 0.92578125 0.54296875 0.146875 0.28828125
1 0.821875 0.12265625 0.10078125 0.12265625
1 0.775 0.33984375 0.13671875 0.134375
1 0.75625 0.51171875 0.10078125 0.2015625
1 0.61328125 0.46171875 0.09140625 0.209375
1 0.53515625 0.58046875 0.05078125 0.06953125
1 0.48046875 0.540625 0.03359375 0.06953125
1 0.43046875 0.50859375 0.03828125 0.06015625
1 0.37890625 0.4703125 0.02890625 0.053125
1 0.3328125 0.4421875 0.0265625 0.0484375
2 0.33515625 0.29921875 0.09609375 0.10546875
2 0.7640625 0.38125 0.0578125 0.071875
2 0.75625 0.47265625 0.0359375 0.084375
0 0.73046875 0.10546875 0.12734375 0.04296875
0 0.6765625 0.06015625 0.04296875 0.1078125