0 0.67578125 0.2703125 0.02421875 0.30078125
0 0.8375 0.290625 0.06953125 0.28125
0 0.915625 0.21484375 0.1203125 0.0453125
0 0.76953125 0.2125 0.14921875 0.06953125
0 0.59140625 0.1984375 0.146875 0.05546875
0 0.65390625 0.43984375 0.2359375 0.0484375
0 0.43359375 0.42421875 0.19453125 0.053125
0 0.50625 0.26328125 0.03828125 0.25703125
0 0.4046875 0.1859375 0.18515625 0.06484375
2 0.31640625 0.28359375 0.1703125 0.375
2 0.43046875 0.37109375 0.084375 0.06015625
2 0.446875 0.18515625 0.07421875 0.053125
1 0.546875 0.12890625 0.0359375 0.0671875
0 0.5515625 0.08203125 0.27890625 0.04296875
0 0.84609375 0.08984375 0.30078125 0.04296875