1 0.7828125 0.33984375 0.0625 0.25234375
1 0.615625 0.30390625 0.1109375 0.22578125
1 0.43125 0.21484375 0.03125 0.0671875
1 0.41015625 0.28828125 0.0671875 0.09140625
1 0.50703125 0.2390625 0.07421875 0.2453125
1 0.3265625 0.11796875 0.06953125 0.09375
1 0.44140625 0.1 0.06015625 0.07421875
1 0.25234375 0.025 0.0984375 0.05
1 0.2171875 0.25390625 0.02421875 0.05078125
1 0.2546875 0.2765625 0.0265625 0.053125
1 0.28828125 0.2984375 0.021875 0.053125
1 0.3234375 0.31953125 0.03125 0.05546875
1 0.365625 0.3609375 0.03828125 0.071875
2 0.21484375 0.146875 0.0453125 0.0625
2 0.50234375 0.234375 0.03125 0.13203125
2 0.95703125 0.34765625 0.0625 0.28359375