2 0.34609375 0.1265625 0.0484375 0.08671875
2 0.3796875 0.44375 0.1078125 0.13671875
2 0.196875 0.6875 0.23828125 0.1734375
2 0.30546875 0.50390625 0.0625 0.134375
2 0.446875 0.428125 0.040625 0.134375
2 0.5265625 0.41796875 0.06484375 0.1296875
2 0.625 0.4203125 0.06015625 0.13203125
2 0.72578125 0.4390625 0.0578125 0.134375
2 0.803125 0.41015625 0.05546875 0.14453125
1 0.18515625 0.8375 0.0578125 0.24296875
1 0.25703125 0.81875 0.05078125 0.19453125
1 0.2953125 0.446875 0.071875 0.115625
0 0.35703125 0.9375 0.0265625 0.125
0 0.5234375 0.88046875 0.028125 0.2390625
0 0.70546875 0.83125 0.0359375 0.3375
2 0.8234375 0.9359375 0.10546875 0.09609375
0 0.759375 0.640625 0.06015625 0.06484375
0 0.61328125 0.73671875 0.13671875 0.1109375
0 0.4390625 0.83671875 0.134375 0.09609375
0 0.28359375 0.9421875 0.1109375 0.10546875