2 0.678125 0.24296875 0.053125 0.1078125
2 0.703125 0.52734375 0.06484375 0.0984375
2 0.5421875 0.75234375 0.22109375 0.13203125
2 0.8484375 0.521875 0.06015625 0.14453125
2 0.92578125 0.52890625 0.053125 0.13203125
2 0.77421875 0.51953125 0.0578125 0.12265625
1 0.3640625 0.5296875 0.0671875 0.12734375
1 0.51328125 0.884375 0.0484375 0.21640625
1 0.578125 0.87109375 0.04296875 0.165625
1 0.64296875 0.546875 0.07421875 0.11796875
0 0.98046875 0.86328125 0.02421875 0.25703125
0 0.8921875 0.79296875 0.13203125 0.09140625
0 0.81953125 0.90859375 0.03125 0.1828125
0 0.7328125 0.8859375 0.134375 0.084375
0 0.64765625 0.95546875 0.040625 0.0890625
0 0.60078125 0.9671875 0.0578125 0.06484375