1 0.64296875 0.31015625 0.103125 0.2640625
1 0.8421875 0.1578125 0.15859375 0.1921875
2 0.83515625 0.19375 0.0890625 0.1109375
2 0.83203125 0.3125 0.053125 0.071875
1 0.8171875 0.4359375 0.14453125 0.18984375
1 0.9671875 0.3953125 0.06484375 0.3265625
1 0.2921875 0.3109375 0.04296875 0.07421875
1 0.35546875 0.35078125 0.03828125 0.06484375
1 0.41796875 0.38359375 0.0359375 0.06484375
1 0.48046875 0.415625 0.0359375 0.07421875
1 0.5515625 0.48203125 0.0671875 0.103125
1 0.7765625 0.04453125 0.07421875 0.0890625
2 0.303125 0.07421875 0.1109375 0.09140625