2 0.2640625 0.40390625 0.0765625 0.11796875
0 0.1109375 0.28828125 0.18515625 0.24765625
0 0.31640625 0.24765625 0.26171875 0.11328125
0 0.34140625 0.40234375 0.03125 0.1875
0 0.48046875 0.6265625 0.04296875 0.63203125
0 0.625 0.66796875 0.05546875 0.49296875
0 0.7515625 0.7078125 0.03828125 0.32421875
0 0.84765625 0.75390625 0.09609375 0.25
0 0.6921875 0.5265625 0.10078125 0.12265625
0 0.54921875 0.4125 0.1109375 0.11796875
1 0.80859375 0.5109375 0.05078125 0.27421875
2 0.56953125 0.24296875 0.08203125 0.06484375
2 0.81875 0.24375 0.13671875 0.09140625