1 0.265625 0.14765625 0.040625 0.06015625
1 0.31484375 0.17890625 0.02890625 0.05078125
1 0.37265625 0.21875 0.03828125 0.06015625
1 0.42890625 0.24609375 0.03828125 0.0671875
1 0.48828125 0.28125 0.053125 0.08203125
1 0.56953125 0.19453125 0.08671875 0.2015625
1 0.6046875 0.0578125 0.07421875 0.08203125
1 0.7671875 0.05078125 0.12265625 0.10078125
1 0.86875 0.196875 0.05078125 0.32421875
1 0.96015625 0.25390625 0.0796875 0.36796875
1 0.75859375 0.27890625 0.11796875 0.228125
2 0.7390625 0.1296875 0.05546875 0.06015625