1 0.65625 0.303125 0.11796875 0.15390625
1 0.796875 0.478125 0.125 0.2640625
1 0.42421875 0.2390625 0.10078125 0.115625
1 0.5734375 0.20546875 0.0796875 0.12734375
1 0.65234375 0.0875 0.10546875 0.1078125
1 0.33515625 0.08671875 0.178125 0.1734375
1 0.26328125 0.3921875 0.0359375 0.06484375
1 0.3015625 0.41953125 0.0265625 0.0671875
1 0.34765625 0.459375 0.03359375 0.05078125
1 0.39296875 0.4828125 0.0265625 0.0578125
1 0.44375 0.5203125 0.04296875 0.06484375
1 0.515625 0.4 0.084375 0.1828125
1 0.64921875 0.47109375 0.09140625 0.17578125
2 0.65 0.42421875 0.0359375 0.08671875
2 0.65390625 0.3328125 0.06015625 0.08203125
2 0.25703125 0.2640625 0.0796875 0.0796875
0 0.571875 0.06484375 0.09375 0.04296875
0 0.52265625 0.046875 0.05078125 0.08203125