2 0.50703125 0.30859375 0.18046875 0.375
2 0.6046875 0.36640625 0.07421875 0.084375
2 0.66484375 0.44609375 0.12734375 0.07421875
2 0.63359375 0.1765625 0.0796875 0.053125
2 0.6515625 0.115625 0.084375 0.0578125
1 0.725 0.12265625 0.02890625 0.0890625
0 0.6890625 0.26796875 0.03125 0.28359375
0 0.87265625 0.24609375 0.040625 0.290625
0 0.7796875 0.18125 0.15390625 0.03125
0 0.94375 0.16953125 0.10078125 0.02890625
0 0.89765625 0.4125 0.125 0.03359375
0 0.771875 0.41015625 0.11796875 0.03359375
0 0.57109375 0.1875 0.196875 0.03828125
0 0.6046875 0.4109375 0.21640625 0.03828125
0 0.81484375 0.053125 0.1515625 0.04296875
0 0.94453125 0.04296875 0.0890625 0.0625