2 0.2953125 0.21875 0.2546875 0.43515625
2 0.45078125 0.03828125 0.1109375 0.03828125
2 0.5890625 0.05390625 0.021875 0.06484375
2 0.50234375 0.390625 0.15390625 0.12265625
2 0.42890625 0.2859375 0.10078125 0.06953125
0 0.5265625 0.16484375 0.03359375 0.31484375
0 0.634375 0.05078125 0.18046875 0.0359375
0 0.734375 0.165625 0.05078125 0.3296875
0 0.853125 0.05625 0.18046875 0.071875
0 0.68984375 0.36171875 0.21640625 0.03828125
0 0.9015625 0.23828125 0.071875 0.20703125
0 0.89765625 0.35703125 0.18984375 0.0453125
0 0.4421875 0.3578125 0.2640625 0.0453125