1 0.25625 0.51171875 0.053125 0.0546875
1 0.33046875 0.50546875 0.06875 0.0625
1 0.41328125 0.503125 0.059375 0.0671875
1 0.59609375 0.48125 0.1203125 0.0671875
1 0.50078125 0.484375 0.025 0.0234375
1 0.47265625 0.4953125 0.028125 0.046875
1 0.7171875 0.475 0.1125 0.06875
1 0.79921875 0.89765625 0.059375 0.059375
1 0.58125 0.91328125 0.0609375 0.0625
1 0.59609375 0.47890625 0.1203125 0.075
1 0.715625 0.46875 0.11875 0.071875
1 0.33125 0.5015625 0.0765625 0.065625
1 0.4171875 0.5 0.0484375 0.0609375
1 0.2625 0.51171875 0.053125 0.0546875
1 0.81171875 0.90234375 0.0625 0.0625
1 0.5765625 0.9109375 0.05625 0.0625
1 0.559375 0.90859375 0.1109375 0.08125