1 0.25703125 0.5203125 0.0515625 0.053125
1 0.33046875 0.51171875 0.0671875 0.0609375
1 0.41328125 0.50625 0.0578125 0.065625
1 0.5953125 0.478125 0.11875 0.0625
1 0.5 0.484375 0.025 0.021875
1 0.47265625 0.49609375 0.0265625 0.0453125
1 0.71640625 0.4671875 0.1109375 0.065625
1 0.81328125 0.88671875 0.0578125 0.0578125
1 0.5953125 0.91015625 0.059375 0.0609375
1 0.5953125 0.47578125 0.11796875 0.0703125
1 0.7140625 0.4609375 0.11640625 0.06796875
1 0.33125 0.5078125 0.07421875 0.0625
1 0.4171875 0.503125 0.046875 0.059375
1 0.26328125 0.5203125 0.0515625 0.053125
1 0.82578125 0.89140625 0.0609375 0.0609375
1 0.590625 0.9078125 0.05390625 0.06015625
1 0.5734375 0.90625 0.10859375 0.078125