1 0.74375 0.509375 0.0578125 0.059375
1 0.66953125 0.509375 0.0734375 0.06875
1 0.58671875 0.5046875 0.065625 0.071875
1 0.40234375 0.51015625 0.125 0.0765625
1 0.4984375 0.515625 0.028125 0.025
1 0.5265625 0.50703125 0.03125 0.0484375
1 0.28125 0.50625 0.11875 0.078125
1 0.2359375 0.078125 0.0640625 0.0640625
1 0.45546875 0.08125 0.065625 0.0671875
1 0.40234375 0.5125 0.125 0.084375
1 0.2828125 0.5125 0.1234375 0.08125
1 0.66875 0.5125 0.08125 0.0703125
1 0.5828125 0.50703125 0.053125 0.0640625
1 0.7375 0.50859375 0.0578125 0.059375
1 0.22421875 0.071875 0.0671875 0.0671875
1 0.459375 0.084375 0.0609375 0.065625
1 0.4765625 0.0875 0.1171875 0.090625