1 0.54375 0.4546875 0.0484375 0.05
1 0.3859375 0.54765625 0.034375 0.0390625
1 0.29453125 0.58125 0.053125 0.0640625
1 0.33125 0.66484375 0.0453125 0.0390625
1 0.0234375 0.4828125 0.03125 0.034375
1 0.12578125 0.5671875 0.0359375 0.0359375
1 0.06171875 0.59921875 0.025 0.025
1 0.0203125 0.6453125 0.0234375 0.025
1 0.67734375 0.303125 0.0375 0.05
1 0.6609375 0.62421875 0.04375 0.0328125
1 0.78984375 0.73984375 0.040625 0.0328125
1 0.93984375 0.746875 0.0421875 0.0390625
1 0.88359375 0.58359375 0.040625 0.0453125