1 0.45859375 0.54765625 0.046875 0.0484375
1 0.61171875 0.44609375 0.0328125 0.0375
1 0.70078125 0.40859375 0.0515625 0.0625
1 0.66015625 0.3265625 0.0453125 0.0359375
1 0.9765625 0.4921875 0.0296875 0.0328125
1 0.8703125 0.41328125 0.0359375 0.0359375
1 0.93203125 0.37734375 0.025 0.025
1 0.97109375 0.3296875 0.0234375 0.025
1 0.3328125 0.70625 0.0359375 0.0484375
1 0.3328125 0.384375 0.0421875 0.03125
1 0.19765625 0.275 0.0390625 0.03125
1 0.04765625 0.2765625 0.040625 0.0375
1 0.1125 0.43671875 0.0390625 0.04375