1 0.6109375 0.73671875 0.04375 0.0390625
1 0.5234375 0.559375 0.0484375 0.0453125
1 0.403125 0.41953125 0.0296875 0.0328125
1 0.334375 0.3578125 0.0515625 0.0546875
1 0.39765625 0.2921875 0.0515625 0.0546875
1 0.89296875 0.54921875 0.040625 0.0453125
1 0.9890625 0.4078125 0.021875 0.05
1 0.8640625 0.37265625 0.05 0.046875
1 0.81953125 0.20234375 0.0328125 0.034375
1 0.04609375 0.36171875 0.0296875 0.0375
1 0.1203125 0.26640625 0.034375 0.034375
1 0.1703125 0.3125 0.0359375 0.03125
1 0.09453125 0.2109375 0.0234375 0.025