1 0.32109375 0.690625 0.04375 0.040625
1 0.459375 0.54921875 0.05 0.0453125
1 0.6171875 0.453125 0.03125 0.034375
1 0.7015625 0.415625 0.053125 0.05625
1 0.66171875 0.334375 0.053125 0.05625
1 0.1109375 0.425 0.0421875 0.046875
1 0.053125 0.25859375 0.04375 0.0515625
1 0.19296875 0.26640625 0.0515625 0.0484375
1 0.28828125 0.11796875 0.0328125 0.0359375
1 0.97421875 0.509375 0.03125 0.0375
1 0.93359375 0.3953125 0.034375 0.0359375
1 0.87109375 0.4234375 0.0375 0.03125
1 0.97421875 0.35078125 0.0234375 0.025