1 0.45625 0.61796875 0.0296875 0.034375
1 0.4234375 0.70546875 0.0640625 0.0546875
1 0.33984375 0.6734375 0.0796875 0.0703125
1 0.4359375 0.8765625 0.0296875 0.034375
1 0.4203125 0.940625 0.040625 0.0328125
1 0.5375 0.97109375 0.0359375 0.0328125
1 0.546875 0.45 0.059375 0.053125
1 0.68515625 0.31171875 0.040625 0.046875
1 0.24921875 0.215625 0.0484375 0.059375
1 0.40703125 0.115625 0.040625 0.0375
1 0.2375 0.0671875 0.0375 0.0390625
1 0.10703125 0.30703125 0.04375 0.046875
1 0.071875 0.559375 0.025 0.0296875