1 0.48984375 0.37421875 0.03125 0.034375
1 0.4828125 0.28125 0.065625 0.0578125
1 0.571875 0.275 0.0828125 0.0734375
1 0.3984375 0.13125 0.03125 0.034375
1 0.38671875 0.0671875 0.040625 0.034375
1 0.2671875 0.0890625 0.0375 0.0328125
1 0.478125 0.56484375 0.0609375 0.0546875
1 0.41171875 0.74921875 0.0421875 0.046875
1 0.84765625 0.6515625 0.05 0.0609375
1 0.746875 0.80859375 0.0421875 0.0390625
1 0.92109375 0.78125 0.0390625 0.040625
1 0.9375 0.50859375 0.0453125 0.0484375
1 0.8625 0.265625 0.0265625 0.03125