0 0 0.346999396875 0.030272 0.3346918125 0.039002473437500004 0.31294106093749996 0.033853571875 0.2997621328125 0 0.327942990625 0 0.346999396875
0 0.1951566109375 0.267864446875 0.2133470453125 0.24519652656250002 0.2423190140625 0.232580653125 0.2474388796875 0.221503075 0.2425860234375 0.203391965625 0.2372494359375 0.2015866625 0.1855592578125 0.2380836703125 0.1738102640625 0.26064323125 0.1762366921875 0.2696987859375 0.1951566109375 0.267864446875
0 0.5918501703125 0.800530246875 0.5625821578125 0.8180783015624999 0.551129209375 0.83570568125 0.5602931234375 0.83972069375 0.5753857140624999 0.8356766453125 0.6145974171875 0.8009056156250001 0.6478011171875 0.7920087109375 0.6693061140625 0.7635997984375 0.6960683734375 0.754811253125 0.7007838359375 0.742224415625 0.6812427921875 0.7296666140625 0.6414099656250001 0.7500455015624999 0.631061871875 0.7657592171875 0.6070220859375001 0.778671134375 0.5918501703125 0.800530246875
0 0.36148102187500003 0.6471141421875 0.36390745 0.6561696968749999 0.371453746875 0.6541476734375 0.3813974359375 0.6369246984375 0.42123026093749993 0.6165458109374999 0.4244364640625 0.604363378125 0.4193959234375 0.5976258921875 0.4020936234375 0.6054972671875001 0.4003966796875 0.6172752953125 0.373230015625 0.62455458125 0.36148102187500003 0.6471141421875
0 0.46341019218749996 0.6230375421875001 0.43325404375 0.6553821421875 0.4137420359375 0.6670808453125 0.41274554218750004 0.67543595 0.42632887343750003 0.6717963078125 0.43748577656250004 0.6591011109375 0.453387178125 0.65807558125 0.474892175 0.6296666671875 0.5157214953125 0.6009326749999999 0.54717018125 0.5553007875 0.5428300890625 0.5451403781249999 0.528141903125 0.550693684375 0.5093593796875 0.5832259703125 0.47666844375000006 0.6000735749999999 0.46341019218749996 0.6230375421875001
0 0.13681035625 0.629668753125 0.13497601718750002 0.610748834375 0.1777983265625 0.56530463125 0.127509046875 0.59495579375 0.1232270234375 0.6333083953124999 0.13681035625 0.629668753125
1 0 0.3608527359375 0.0321063375 0.35361173125 0.0631506203125 0.306470584375 0.052152365624999995 0.283535653125 0.033853571875 0.2997621328125 0.0207036796875 0.329167540625 0 0.333351034375 0 0.3608527359375
1 0.2451208125 0.21888896249999998 0.23738683124999999 0.232284609375 0.20690560468750002 0.2453048859375 0.2029989515625 0.2609102421875 0.2085522578125 0.275598428125 0.22857703125 0.271850425 0.25067411875 0.2335771484375 0.2758187578125 0.2187515671875 0.2687271578125 0.1802112796875 0.23659927656250002 0.16293801562500002 0.21889257187500002 0.16930013125 0.22595513750000001 0.1835839125 0.24045563906249998 0.18940422968749998 0.2451208125 0.21888896249999998
1 0.5880731328125 0.7562489671875 0.581256321875 0.7791045750000001 0.597078396875 0.795894109375 0.6138679312499999 0.7800720343750001 0.631979040625 0.7752191765625 0.6408178765625 0.759909865625 0.6671757296874999 0.7496120625 0.675314115625 0.7377256734375 0.6813511515624999 0.7361080546875 0.684882434375 0.7432499453125 0.6572320406250001 0.7668350359375 0.6473967125 0.790499453125 0.6172115296875 0.7985875484375 0.6042493234374999 0.8166193312500001 0.5831196953125 0.8222809984375001 0.58252760625 0.8321453625 0.6072968765625 0.8400670281249999 0.6651614859375 0.832650346875 0.680708771875 0.7880439890625001 0.69418374375 0.7779629046875 0.6976859921874999 0.760848290625 0.7118614140624999 0.7473442828125 0.6979530015625001 0.731659603125 0.67056961875 0.72605600625 0.64461616875 0.7378630687500001 0.6389042125 0.7588050109375 0.598933990625 0.748485953125 0.5880731328125 0.7562489671875
1 0.06136865625 0.583560915625 0.07277131406250001 0.6080051046875 0.13263669375 0.6744627953125 0.1441980015625 0.6632768578125 0.156835128125 0.6259207499999999 0.18289693906249999 0.620555128125 0.192436221875 0.60182289375 0.1920027828125 0.5760571296875 0.21151479062499998 0.5643584265625 0.1879297 0.5367080328125 0.14987314375 0.527493828125 0.11074076562499999 0.54444979375 0.1021186515625 0.5726419859375 0.09317145624999999 0.5815098562500001 0.06136865625 0.583560915625
1 0.40231034218749995 0.61838015 0.39306710312500004 0.6321802015625 0.3713453859375 0.6477062328125001 0.3527215125 0.6446083890625001 0.3380333265625 0.6501616953125 0.354989290625 0.689294071875 0.383181484375 0.6979161875 0.40657889062499997 0.7369402046875 0.422667975 0.7245410515625 0.43269098906250003 0.6895030125 0.4410460953125 0.69049950625 0.4457112671875 0.7199842390625 0.45789369999999996 0.7231904421875 0.471368671875 0.7131093578125001 0.4905556 0.6820863312500001 0.527665953125 0.657584071875 0.5290378171875 0.6264817203125 0.54439741875 0.593248984375 0.535933953125 0.5858110484375 0.49249051875000005 0.6168631109375 0.4579149546875 0.6568623671875 0.43457561875 0.6663513609375 0.43206986562500005 0.6751108703125 0.41727331875000007 0.6742227359374999 0.4283218625 0.6550860984375 0.4533581421875 0.633819075 0.5008959140625 0.575788034375 0.5290590734375 0.56015364375 0.529542803125 0.5438478390625 0.513937446875 0.5399411859375001 0.472999765625 0.5622337374999999 0.41855807812499995 0.5703508687500001 0.4044910171875 0.5902963156250001 0.40231034218749995 0.61838015