1 0.56875 0.11640625 0.0578125 0.0375
1 0.6265625 0.13984375 0.046875 0.059375
1 0.6828125 0.184375 0.0203125 0.0171875
1 0.8296875 0.15859375 0.0765625 0.059375
1 0.91328125 0.18515625 0.05 0.0390625
1 0.72734375 0.54921875 0.1015625 0.053125
1 0.6637791625 0.5176641562500001 0.6105479078125 0.5043971843749999 0.5793084640624999 0.5271554468749999 0.5399648484374999 0.5429196453125 0.551173715625 0.54859738125 0.5807409046875 0.562821815625 0.6506796515625 0.561301559375 0.6424574671875 0.561158040625 0.6745350921875 0.5493801406250001 0.6637791625 0.5176641562500001
1 0.449709065625 0.530376928125 0.47232124531249997 0.5307716265625 0.46797077031249995 0.4854591109375 0.43696897031250004 0.49451318437499997 0.4221260390625 0.5203002531250001 0.449709065625 0.530376928125
1 0.3318702546875 0.5077575375000001 0.3715959640625 0.529013459375 0.3994421125 0.5240158687500001 0.3980081078125 0.488349471875 0.36105532500000004 0.48496341562499995 0.3321812078125 0.4899430640625 0.3318702546875 0.5077575375000001
1 0.3038333625 0.4647726171875 0.2910448046875 0.490595546875 0.3122462921875 0.5128986484375 0.326803721875 0.5035575375 0.3263498546875 0.4706492921875 0.3038333625 0.4647726171875
1 0.8810043328124999 0.55983824375 0.8938146109374999 0.59159165 0.95971481875 0.5858877734375 0.9714499296874999 0.561416978125 0.9489110578125001 0.556911996875 0.8810043328124999 0.55983824375
1 0.7829084578125001 0.584172128125 0.8794022609375001 0.592710603125 0.8665425640625 0.5636989390625 0.7887643578125 0.5431493296875 0.7829084578125001 0.584172128125
1 0.5762963046875 0.52299130625 0.560234659375 0.5007779203125 0.539989396875 0.48260307343750003 0.5231846531250001 0.502872253125 0.4930433609375 0.5215381203125 0.505114296875 0.536827678125 0.5080785984375 0.5437335890624999 0.55129331875 0.5417453 0.5762963046875 0.52299130625