1 0.4296406859375 0.5183030609375 0.41772033437499995 0.51997835625 0.419315734375 0.5379878375 0.4248667484375 0.5442196828125 0.43784758124999995 0.53678606875 0.4296406859375 0.5183030609375
1 0.4087894328125 0.5030013921875 0.4169920953125 0.4948350140625 0.404249625 0.48400300781250005 0.4027072953125 0.4996480390625 0.4087894328125 0.5030013921875
1 0.421858365625 0.4562825703125 0.432088109375 0.4492355984375 0.41287840937500003 0.4322989328125 0.40559174374999996 0.440336575 0.421858365625 0.4562825703125
1 0.43704980625 0.39804689843749996 0.45418358750000004 0.4068590328125 0.456255275 0.388334178125 0.4420659015625 0.380510946875 0.43704980625 0.39804689843749996
1 0.5164938609374999 0.44438513281249997 0.5206430140625 0.433984590625 0.5148986796874999 0.4263772 0.5066957999999999 0.4345420296875 0.5164938609374999 0.44438513281249997
1 0.54296875 0.434375 0.015625 0.0296875
1 0.58515625 0.40859375 0.0109375 0.015625
1 0.53203125 0.36640625 0.01875 0.0265625
1 0.53359375 0.346875 0.015625 0.0234375
1 0.5671875 0.35859375 0.0125 0.015625
1 0.5625 0.36328125 0.0140625 0.0171875
1 0.5859375 0.371875 0.01875 0.025
1 0.6078125 0.38046875 0.01875 0.0265625
1 0.53515625 0.471875 0.01875 0.028125
1 0.51796875 0.46796875 0.015625 0.025
1 0.340625 0.54765625 0.025 0.028125
1 0.29921875 0.5140625 0.0296875 0.025
1 0.26953125 0.54375 0.0203125 0.0203125
1 0.24140625 0.521875 0.028125 0.0234375
1 0.2015625 0.51796875 0.0125 0.0234375
1 0.17421875 0.53828125 0.028125 0.0203125
1 0.21171875 0.50546875 0.0203125 0.01875
1 0.2703125 0.4484375 0.0453125 0.034375
1 0.284375 0.45625 0.034375 0.025
1 0.31640625 0.4234375 0.040625 0.0375
1 0.325 0.3890625 0.0171875 0.0171875
1 0.36875 0.3640625 0.025 0.025
1 0.3671875 0.3953125 0.015625 0.0171875
1 0.3609375 0.4125 0.025 0.015625
1 0.396875 0.39140625 0.0296875 0.025
1 0.3125 0.403125 0.0265625 0.0203125
1 0.240625 0.47265625 0.0265625 0.0171875
1 0.3453125 0.45546875 0.0265625 0.025
1 0.315625 0.4515625 0.021875 0.01875