1 0.41598195625 0.4767329828125 0.41223300781249994 0.4841891921875 0.41535316718750004 0.5019979343750001 0.4273009421875 0.5005309312499999 0.4304444375 0.480553615625 0.41598195625 0.4767329828125
1 0.40611355781249997 0.525521171875 0.41165256718750004 0.5402339281249999 0.42115731875 0.52647301875 0.411120540625 0.520707909375 0.40611355781249997 0.525521171875
1 0.4242506578125 0.5820650984375 0.43336933125000004 0.5879429375 0.4475409453125 0.5666115375 0.43583588124999995 0.5624523375 0.4242506578125 0.5820650984375
1 0.4749660015625 0.6304120109375 0.4866470828125 0.6191828703125 0.4798514 0.601825425 0.4655821859375 0.61477184375 0.4749660015625 0.6304120109375
1 0.523409415625 0.5614945437500001 0.5334460015625 0.5672581015625 0.537025665625 0.5584231843749999 0.5303260328125 0.5494509109375 0.523409415625 0.5614945437500001
1 0.55859375 0.55234375 0.015625 0.0296875
1 0.60546875 0.56640625 0.0109375 0.015625
1 0.565625 0.62109375 0.01875 0.0265625
1 0.571875 0.6390625 0.015625 0.021875
1 0.6015625 0.61875 0.0125 0.015625
1 0.59609375 0.615625 0.0140625 0.0171875
1 0.61640625 0.6015625 0.01875 0.025
1 0.63515625 0.5875 0.01875 0.0265625
1 0.54140625 0.51796875 0.01875 0.028125
1 0.525 0.52578125 0.0140625 0.025
1 0.334375 0.4953125 0.025 0.028125
1 0.30234375 0.53828125 0.0296875 0.0234375
1 0.26640625 0.51796875 0.0203125 0.0203125
1 0.24453125 0.5453125 0.0265625 0.021875
1 0.20703125 0.559375 0.0125 0.0234375
1 0.175 0.54765625 0.028125 0.01875
1 0.2203125 0.56875 0.0203125 0.01875
1 0.29140625 0.609375 0.04375 0.0328125
1 0.30234375 0.5984375 0.034375 0.025
1 0.3421875 0.621875 0.0390625 0.0359375
1 0.359375 0.65234375 0.0171875 0.0171875
1 0.40859375 0.665625 0.025 0.025
1 0.3984375 0.63515625 0.015625 0.0171875
1 0.38828125 0.62109375 0.025 0.015625
1 0.42890625 0.63125 0.0296875 0.025
1 0.34453125 0.6421875 0.0265625 0.01875
1 0.25625 0.59375 0.025 0.0171875
1 0.3625 0.5828125 0.0265625 0.025
1 0.334375 0.59453125 0.021875 0.01875