1 0.653125 0.1421875 0.065625 0.05
1 0.7046875 0.17734375 0.059375 0.06875
1 0.74921875 0.23359375 0.0234375 0.0203125
1 0.89765625 0.24140625 0.0875 0.075
1 0.97265625 0.28671875 0.0546875 0.0484375
1 0.71015625 0.59921875 0.109375 0.0734375
1 0.6556079421875001 0.5540537203125 0.6067254203125 0.529152353125 0.5711671468749999 0.5442999765625001 0.5292857328125 0.5508097515625 0.5389301046874999 0.5588634140625001 0.5645396875 0.5793744484375 0.6330278921875 0.5936259500000001 0.625048725 0.5916365203125 0.6589536546875 0.587376384375 0.6556079421875001 0.5540537203125
1 0.444164696875 0.518285371875 0.46610854062499996 0.5237565859375 0.47206266562500004 0.478626784375 0.4398187171875 0.4804749140625 0.4195553796875 0.5022621296875001 0.444164696875 0.518285371875
1 0.33443434375000003 0.46973775 0.3683603421875 0.49938522343749997 0.396617009375 0.500779740625 0.403242953125 0.465704890625 0.3679989640625 0.4540930515625 0.3387447109375 0.4524498078125 0.33443434375000003 0.46973775
1 0.3167855375 0.4215476015625 0.2985158546875 0.443831890625 0.3141568421875 0.4703326625 0.330442459375 0.464505671875 0.3374029703125 0.43233876562500007 0.3167855375 0.4215476015625
1 0.8577785406249999 0.6440119203125 0.8631175296875 0.6778331734374999 0.9286118125 0.6870998078125 0.945550884375 0.6658960234375 0.9246030828125 0.6564363609375 0.8577785406249999 0.6440119203125
1 0.7567229234374999 0.6456553578124999 0.8488228578125 0.675681375 0.8428189578125 0.644520475 0.771656859375 0.6070012625000001 0.7567229234374999 0.6456553578124999
1 0.5691689156249999 0.5395649734375 0.5585158546875 0.5143078328125 0.542877928125 0.4920446125 0.521944315625 0.50801405 0.48837663593749997 0.519421196875 0.49669879375 0.5370342531250001 0.49803362812499996 0.5444299890625001 0.540588025 0.5522138562500001 0.5691689156249999 0.5395649734375