1 0.43214402500000004 0.5479185640625001 0.4337749265625 0.5569898078125 0.44309199218749995 0.569075125 0.44945186562500006 0.57302739375 0.45751220000000004 0.5711631046875 0.4645193484375 0.5690540656249999 0.46853241562500003 0.563771415625 0.470709871875 0.55433981875 0.4696230703125 0.5429118171875 0.46214196718749995 0.534973925 0.45731262656249994 0.52764984375 0.44670265000000003 0.5252003375000001 0.43643124375 0.5253129734375 0.43309684062500003 0.535720259375 0.43214402500000004 0.5479185640625001
1 0.6569027703125 0.348945809375 0.66288870625 0.355295725 0.6711189703125 0.355953040625 0.6771209484375 0.35361354375 0.6824112375 0.3473829734375 0.6834320968750001 0.338925540625 0.6824129875 0.331239934375 0.6758149078125 0.3235059046875 0.67221020625 0.3189485296875 0.6625512953125 0.3204437578125 0.6555456687500001 0.3225531484375 0.65275571875 0.3306021546875 0.6532303765624999 0.340646040625 0.6569027703125 0.348945809375
1 0.688251278125 0.4269709046875 0.690156103125 0.4348625984375 0.693826975 0.443162015625 0.7014077390625 0.44615335937499995 0.7079751328125 0.446428375 0.71205624375 0.444886596875 0.716071184375 0.4396027765625 0.7174321390625 0.43370783749999997 0.7166839078125 0.424841978125 0.7147806046875 0.41695063593750004 0.710835809375 0.40983076875 0.7049190875 0.4072235984375 0.69900119375 0.40461455625 0.6949200828125 0.406156334375 0.692606540625 0.40810618749999994 0.6900901625 0.41497716562500003 0.688251278125 0.4269709046875
1 0.6016595437500001 0.45913993125 0.6045139125000001 0.47097600625 0.6130842703125 0.474195815625 0.6199631812499999 0.472058775 0.6264857203124999 0.46859666874999995 0.6273022234375001 0.46506000937499997 0.6288675359375 0.45424429687499995 0.6263517375000001 0.4449703625 0.6183938734375001 0.4431331453125 0.6104360109375 0.441295928125 0.606353378125 0.4428373546875 0.6038373499999999 0.44970681093750003 0.6016595437500001 0.45913993125
1 0.1926080609375 0.254173209375 0.195395909375 0.262268765625 0.20138184531249997 0.26861868125 0.2135036171875 0.2714172125 0.2189989703125 0.268959146875 0.22600424531250002 0.2668512796875 0.234712440625 0.26140979531249997 0.2377063984375 0.24844153750000003 0.233489553125 0.24250005 0.220225940625 0.23943790312500002 0.21056702968750002 0.24093313125 0.2009758109375 0.246170753125 0.1926080609375 0.254173209375
1 0.310987246875 0.6652495296875001 0.3008515765625 0.6728454312500001 0.29608817656249997 0.685406784375 0.29812791562499996 0.6958119984375 0.3025487703125 0.7018005859375 0.30343331562500003 0.7020048 0.30547445624999997 0.701234846875 0.3171733375 0.69896779375 0.3241124421875 0.6931178828125 0.3275810578125 0.6901935124999999 0.33111981875 0.674865453125 0.327720996875 0.66538765625 0.3197616125 0.6635500875 0.310987246875 0.6652495296875001
1 0.10280574687499999 0.40109710937500004 0.1000834875 0.412888509375 0.1030772171875 0.41606364375 0.10966944062499999 0.42255192812500003 0.11817644062499999 0.4232747375 0.12198550156250001 0.4229113375 0.1298088 0.41726716250000007 0.132531059375 0.40547576249999995 0.12885831406249998 0.39717751562500003 0.12001590625 0.395136084375 0.11471015625 0.39391115625 0.10858790468749999 0.3962228859375 0.10280574687499999 0.40109710937500004
1 1 0.4716557 0.9986904890625 0.4700781171875 0.9942692843750001 0.469057403125 0.9899161234375 0.471777559375 0.9873982234374999 0.47864818593749997 0.9869895062499999 0.48848973281249997 0.9920897265624999 0.4946335609375 0.9974448984375 0.4995966671875 1 0.500186559375 1 0.4716557
1 0.9793678828125 0.5215026093749999 0.9731775890625001 0.5200734671875 0.968756384375 0.5190527515625 0.9574367140625 0.5276164921875 0.964130821875 0.522952809375 0.9610007765624999 0.528439321875 0.9596398234375 0.5343342609375 0.959707515625 0.5380766546875 0.9592311062500001 0.5441758078125 0.9646714203125001 0.5528821296875 0.9688202234375 0.5550827453125 0.9804525828124999 0.5490751703125001 0.9815414859375 0.5443586109375 0.983174840625 0.5372837703125 0.9815435875 0.52821405 0.9793678828125 0.5215026093749999
1 0.9351665828125 0.414429259375 0.934077678125 0.41914581875 0.93598098125 0.4270371609375 0.938389153125 0.43256108437499996 0.9465226859375001 0.4418891859375 0.9514203 0.4368107484375 0.9519647515624999 0.43445246875 0.9530536546875 0.4297359078125 0.9535300640625 0.42363675624999997 0.95291756875 0.4222541640625 0.951966853125 0.4183079078125 0.9518988109375 0.414567034375 0.9497231046874999 0.40785559375 0.9435328109375 0.4064264515625 0.9397241015625 0.40678832812500004 0.9351665828125 0.414429259375
1 0.2966262234375 0.11425806406250001 0.29961843125 0.1174328453125 0.2993463796875 0.11861122500000001 0.3050237265625 0.1211647328125 0.3097519984375 0.1259815046875 0.3132901796875 0.12679835781249998 0.31587424999999997 0.1236697734375 0.3181201 0.1179775265625 0.3208420078125 0.10618764843749999 0.31893870468749996 0.09829630624999999 0.3159464984375 0.0951215234375 0.31363295625 0.097071378125 0.30832720625 0.0958464484375 0.3039060015625 0.0948257328125 0.2962882328125 0.095551009375 0.2943147828125 0.10006335625 0.2914567890625 0.1043714890625 0.292749471875 0.11087906875 0.2966262234375 0.11425806406250001
1 0.9725140984375 0.3696501234375 0.9723762609375 0.3783114171875 0.9774776515625 0.3844571203125 0.9819360984375001 0.38921320000000004 0.9878832703124999 0.3918273984375 0.9889721734375 0.3871108390625 0.9887699171875 0.3758870515625 0.9853695734375 0.366408903125 0.9773436671875 0.3608308140625 0.9725140984375 0.3696501234375