2 0.61796875 0.7046875 0.0765625 0.071875
2 0.3625 0.7046875 0.0609375 0.0546875
2 0.23359375 0.703125 0.065625 0.0640625
2 0.10703125 0.66171875 0.05625 0.0515625
2 0.10625 0.55078125 0.0578125 0.05625
2 0.1125 0.471875 0.0625 0.0625
2 0.11953125 0.39140625 0.05625 0.0578125
2 0.2453125 0.30625 0.0609375 0.0640625
2 0.365625 0.30078125 0.0625 0.06875
2 0.61328125 0.30390625 0.071875 0.071875
2 0.74609375 0.29921875 0.06875 0.0671875
2 0.8890625 0.39453125 0.071875 0.0671875
2 0.89140625 0.496875 0.0703125 0.075
2 0.89375 0.60078125 0.0625 0.0640625