1 0.4473696484375 0.54181791875 0.4477958359375 0.552738 0.451072546875 0.564526540625 0.45570744999999996 0.57249136875 0.468596240625 0.580662778125 0.4759243234375 0.5822014921875 0.48286074531249995 0.5776912859375 0.48872416718749995 0.573314403125 0.49068844375 0.5669777859375 0.48950859687500003 0.5573686984374999 0.48457873124999995 0.5470015984375001 0.47483406562499997 0.5421026578125 0.4677909859375 0.5368720046875 0.4569830890625 0.538199046875 0.4473696484375 0.54181791875
1 0.58793438125 0.29413809375 0.594223990625 0.3006812921875 0.6020189890625 0.30459959062499997 0.609979465625 0.302403709375 0.6148193234375 0.29815250312499997 0.6176595875 0.290488296875 0.6157262703125 0.28219175625 0.6121382484375 0.27531684375 0.603294628125 0.27030726875 0.5983486015625 0.26725761875 0.58978359375 0.271966215625 0.583921721875 0.276342909375 0.5840531375 0.2848622703125 0.58793438125 0.29413809375
1 0.652823403125 0.33859429375 0.6495157328125 0.3414389125 0.6480086015625 0.3440624546875 0.64799399375 0.3513797140625 0.6503681078125 0.36327907812500004 0.6548571765625 0.37004335625 0.66114504375 0.37658519375 0.669291921875 0.3768049140625 0.675557125 0.3748156125 0.6788647953125 0.37197099375 0.6808306234375 0.36563418593749997 0.6800933140625001 0.35962928125000004 0.6763579046875 0.351554009375 0.6718703859375 0.344789540625 0.665728353125 0.339448253125 0.6592767484375 0.339021953125 0.652823403125 0.33859429375
1 0.579999396875 0.42312438124999996 0.5867313546874999 0.4332702125 0.5958860968749999 0.433364609375 0.601619246875 0.4290037203125 0.60656431875 0.42351956562500004 0.606121971875 0.41991693281250003 0.6038936921875 0.40921812031250004 0.5983577421875 0.40136392499999995 0.5902514328125 0.4023592546875 0.5821435703125 0.40335477500000005 0.5788357093750001 0.40619784374999995 0.57881955 0.41351529375 0.579999396875 0.42312438124999996
1 0.125515540625 0.37042232343750003 0.1309041046875 0.37707615625 0.13869929375 0.3809960046875 0.1510487390625 0.3794796828125 0.1553719734375 0.37529033749999996 0.16123384375 0.37091364375 0.1675557734375 0.36282194218749997 0.165933578125 0.3496102234375 0.15993912187499998 0.34547084687499996 0.1464280875 0.34712979375 0.137863078125 0.3518383890625 0.130641653125 0.360040534375 0.125515540625 0.37042232343750003
1 0.38501593437500004 0.711621678125 0.3773519703125 0.716219640625 0.3704255078125 0.7268240578125 0.37024561093749997 0.7402570468749999 0.37572113281249997 0.7493371171875001 0.38192359531250003 0.753452528125 0.382824640625 0.7533418937499999 0.3844776046875 0.751918903125 0.39469732031250004 0.745788678125 0.3992171578125 0.7379182453124999 0.401476396875 0.7339838999999999 0.3995592390625 0.7183699078125 0.39312224375000004 0.7106263484374999 0.38501593437500004 0.711621678125
1 0.091379903125 0.539199828125 0.092854521875 0.5512096359374999 0.096752115625 0.5531695609375 0.1051676453125 0.557013240625 0.113408825 0.55478289375 0.11686388125 0.553138634375 0.12228495625 0.54515911875 0.120810146875 0.533147759375 0.11452053749999999 0.5266045609375001 0.10551318125 0.527710525 0.1001084578125 0.528374140625 0.095146271875 0.532641940625 0.091379903125 0.539199828125
1 0.949165115625 0.30220810625 0.9491489546875 0.30952555625 0.9521307046875 0.3189118234375 0.959024846875 0.3229423078125 0.9657543546875 0.3257729734375 0.9729782296874999 0.32488599375 0.9737318890625 0.3235749984375 0.9731419656250001 0.3187704546875 0.9724046562499999 0.31276555 0.9688181828125 0.305890446875 0.963724771875 0.3016404375 0.9568290781250001 0.29761014375 0.9523254 0.2981631265625 0.949165115625 0.30220810625
1 0.9661197109374999 0.3732762796875 0.9652348265624999 0.3660694640625 0.960599921875 0.3581046359375 0.9562599796875 0.3525420796875 0.9499542109375 0.35331633125 0.9454505328125 0.3538693125 0.9377424937500001 0.365788153125 0.9424378234375 0.3591162046875 0.9413730421875 0.3653423765625 0.9421103515624999 0.37134728125 0.9434537453124999 0.3748392796875 0.945092290625 0.3807351 0.95318225 0.38705566875 0.9578335046875001 0.3877045984375 0.9667096359375 0.3780808234375 0.9661197109374999 0.3732762796875
1 0.8895334328125 0.25588792968749996 0.8832276625000001 0.25666218125 0.8797724171875 0.25830488906250004 0.8781031015625 0.267043778125 0.8786930249999999 0.27184832187499997 0.88318054375 0.2786127890625 0.8873325875000001 0.2829783859375 0.898166196875 0.2889636515625 0.9010315203125 0.2825164 0.9007365578125001 0.28011412812500003 0.900146634375 0.275309584375 0.898508278125 0.2694153140625 0.89745965625 0.2683240375 0.8952167687499999 0.264942484375 0.8938733750000001 0.26145048593750003 0.8895334328125 0.25588792968749996
1 0.1801050265625 0.18206555468750002 0.1756013484375 0.1826185375 0.1686910453125 0.1859055046875 0.1683799234375 0.1908206828125 0.16716775625 0.1958464953125 0.170608203125 0.20151949687499998 0.17540684374999999 0.20336878593750002 0.1793044375 0.20532870937499997 0.1794518234375 0.2065290703125 0.1856583921875 0.20698545625000003 0.19175068906249998 0.20989593750000002 0.195353321875 0.2094535890625 0.196712875 0.20562813750000003 0.1968766125 0.1995125984375 0.1954019921875 0.1875027890625 0.190914475 0.180738321875 0.1870153296875 0.1787785875 0.1855097515625 0.1814019390625 0.1801050265625 0.18206555468750002
1 0.9134274796874999 0.227350765625 0.9199102921875 0.2277748078125 0.91932036875 0.22297026406249998 0.9152915484375 0.2124925296875 0.9088545531250001 0.2047489703125 0.89940485 0.20225230156250001 0.8978829203125 0.2121915515625 0.90071573125 0.22037765 0.907611425 0.2244079421875 0.9134274796874999 0.227350765625