2 0.58828125 0.28046875 0.0765625 0.071875
2 0.33515625 0.31640625 0.0609375 0.0546875
2 0.2078125 0.3359375 0.065625 0.0640625
2 0.08828125 0.39453125 0.05625 0.0515625
2 0.103125 0.50390625 0.0578125 0.05625
2 0.1203125 0.58125 0.0625 0.0625
2 0.13828125 0.6609375 0.05625 0.0578125
2 0.275 0.72734375 0.0609375 0.0640625
2 0.39453125 0.715625 0.0625 0.06875
2 0.6390625 0.678125 0.071875 0.071875
2 0.771875 0.6640625 0.06875 0.0671875
2 0.9 0.55 0.071875 0.0671875
2 0.88828125 0.4484375 0.0703125 0.075
2 0.87578125 0.3453125 0.0625 0.0640625