1 0.47410310468750005 0.4583429609375 0.4837607890625 0.45327469843749996 0.4885089734375 0.44282313906250004 0.48952093906250005 0.433194925 0.48744637187500006 0.42689355312500005 0.48150745625 0.4226196671875 0.4744933765625 0.41823120625000004 0.4671932640625 0.41989757812499995 0.4544490484375 0.428292684375 0.4499538546875 0.4363371890625 0.44688338125 0.4481811203125 0.446647840625 0.4591069765625 0.45632297499999996 0.46255751875 0.4671523859375 0.46369573593749996 0.47410310468750005 0.4583429609375
1 0.6023955375 0.7309905140625 0.6072875859375 0.7278550078125 0.6160424296875 0.722691853125 0.6195099234375 0.71575536875 0.6212981515625 0.70742635 0.6183245609375 0.6998128796875001 0.6134112453125 0.6956467890625 0.605413659375 0.693590171875 0.59768823125 0.6976439140624999 0.591513775 0.7042958859375 0.5877950078125 0.713638034375 0.5878122953125 0.722158390625 0.59374965625 0.7264321140625001 0.6023955375 0.7309905140625
1 0.66206194375 0.658173765625 0.6685051265624999 0.657634934375 0.67455300625 0.6521872671875 0.6789217843750001 0.6453455124999999 0.6825156906250001 0.6372062781250001 0.6831480890625 0.6311894203125 0.6810719671875 0.6248878859375 0.6777151546875 0.6221014265625 0.6714161890625 0.6202217703125 0.6632743859375 0.620583640625 0.657101646875 0.6272342203125 0.6527313140625 0.6340758140625 0.6505652343749999 0.6460148 0.6507075453125 0.6533306890625 0.6522602328125 0.655927528125 0.6556170453125 0.6587139875 0.66206194375 0.658173765625
1 0.6000641984375 0.5969044718750001 0.60546223125 0.588954859375 0.6075034500000001 0.5782187859375 0.60788285625 0.5746089828125001 0.6028428265625 0.569211965625 0.597034440625 0.5649517984375 0.587882740625 0.565205953125 0.581328878125 0.575467728125 0.5803169109375 0.5850959421875 0.5804607765625 0.592411996875 0.5838177515625 0.5951969015625 0.5919417515625 0.59605076875 0.6000641984375 0.5969044718750001
1 0.168609121875 0.6561971343749999 0.17000049374999998 0.642959115625 0.1635383078125 0.6349789796875001 0.1576009453125 0.6307052578125 0.1532052546875 0.626592 0.1408312265625 0.6252914374999999 0.1331056359375 0.6293467328125 0.12783401875 0.636093596875 0.1331405375 0.6463843406249999 0.14050400937500002 0.6544592046875 0.149149890625 0.6590176046875 0.1626878203125 0.6604404984375 0.168609121875 0.6561971343749999
1 0.39508026093750004 0.26387689375 0.390423753125 0.2560865421875 0.3800986078125 0.2501356078125 0.3784210609375 0.24874168281250003 0.377518221875 0.248646790625 0.371388528125 0.25286982343750003 0.366072309375 0.262044071875 0.3664866171875 0.275471875 0.3735970984375 0.28595379374999996 0.3813401390625 0.2904173015625 0.3894625859375 0.2912710046875 0.39576345625 0.28341628281250003 0.3974078203125 0.2677712109375 0.39508026093750004 0.26387689375
1 0.12028939062499999 0.4734750640625 0.12155434843749999 0.46143979531249996 0.11599483906250001 0.45355610625000004 0.1125116125 0.451972396875 0.10423276249999999 0.44988621718750005 0.0958855953125 0.453876184375 0.0920228 0.45590383125 0.09075800625 0.467937546875 0.0946382515625 0.4744287015625 0.099674165625 0.47860925 0.10508964843749999 0.479178440625 0.114114934375 0.48012703593749995 0.12028939062499999 0.4734750640625
1 0.9721344593750001 0.6858979828125 0.9756003984375001 0.6789613343750001 0.9762327953125001 0.672944478125 0.9767387781249999 0.6681303703125 0.975962353125 0.6668327281249999 0.9687240984375001 0.6660719562499999 0.9620450171874999 0.6690196375 0.9552222671875 0.6731698265625 0.9524047859375001 0.682606703125 0.95254865 0.68992275625 0.9557790484375 0.693911965625 0.960291690625 0.6943862640625 0.967115996875 0.6902362390625 0.9721344593750001 0.6858979828125
1 0.9597236 0.6042880015625001 0.955084378125 0.6050180078125 0.9471059609375001 0.6114788046874999 0.9455705609375 0.6174023234375 0.9442883156249999 0.620917234375 0.9436559171875001 0.6269340921875 0.9448292 0.633140734375 0.94001814375 0.6265517468749999 0.9479330203125 0.6383342468750001 0.9524456625 0.6388085453125 0.9587639859375001 0.6394726281249999 0.9630061859374999 0.633835175 0.9675013781249999 0.6257906703125 0.968260353125 0.618569509375 0.9687663359375 0.6137554015625 0.9597236 0.6042880015625001
1 0.8992588937500001 0.7281242328124999 0.9014424249999999 0.7247040499999999 0.9024718421875001 0.7235946375 0.904007078125 0.7176726734375001 0.9045130609375001 0.712858565625 0.9047660531249999 0.7104515109375 0.9017886468749999 0.7040552484375 0.89106114375 0.710228675 0.8869859218749999 0.7146660687499999 0.8826171437499999 0.721507825 0.8821111609375001 0.7263219328125 0.8839327359375 0.7350303578124999 0.8874161265625 0.7366125125 0.8937344484375 0.7372765953125 0.8979766484375 0.73163914375 0.8992588937500001 0.7281242328124999
1 0.1811898265625 0.8229946609375001 0.1857024703125 0.823468959375 0.1911179515625 0.8240381484375 0.1926690859375 0.8266348234375 0.19653343437499998 0.8246073390624999 0.2009022125 0.8177655828124999 0.20216700781250002 0.80573186875 0.20189656562499997 0.7996201187499999 0.20047045468750002 0.7958189765625 0.19686065156250002 0.795439571875 0.190820078125 0.7984559328125 0.18462241875000002 0.7990205687499999 0.184496003125 0.80022331875 0.180633209375 0.8022509671875 0.17586757343749998 0.8041837234375 0.1725266578125 0.8099159046875 0.17382635468750002 0.814919796875 0.17422321093749998 0.8198287953125 0.1811898265625 0.8229946609375001
1 0.9245973218750001 0.7648552859375 0.9181228984375001 0.765392403125 0.9123590890625 0.768436284375 0.9055347843750001 0.7725863093750001 0.9028452703125 0.7808205984375001 0.90454043125 0.7907317734375 0.9139451234375 0.788070565625 0.9202459953125001 0.7802158453125 0.9240913390625 0.76966939375 0.9245973218750001 0.7648552859375