1 0.47210983593750006 0.4372412546875 0.4811843265625 0.43095536250000005 0.4846631484375 0.419863271875 0.48449205937500006 0.41006164062500006 0.481630840625 0.403982525 0.4751410921875 0.40041868125 0.4675561984375 0.39687395312499996 0.46043132656249997 0.3994502546875 0.44866829375000006 0.409460196875 0.445145125 0.4181011265625 0.44352336875000004 0.4303875515625 0.44463444531249996 0.44139796249999996 0.45477569375 0.44367288125000004 0.46579120312500005 0.4434806046875 0.47210983593750006 0.4372412546875
1 0.6390921406250001 0.6917188953125 0.6472480203125001 0.6854490375 0.649873959375 0.67804895625 0.6506428609375 0.669456103125 0.646718234375 0.6621703625 0.6412689515625 0.6585883578125 0.6329863312499999 0.6575077453125 0.62572768125 0.6625367546875001 0.620347475 0.6699849109375 0.6177642953125 0.67983461875 0.6188326140625 0.688395403125 0.6253223625000001 0.691959246875 0.6345663796875 0.6954750140625 0.6390921406250001 0.6917188953125
1 0.6753843125000001 0.6138689640625 0.6790999484375 0.61625448125 0.685504153125 0.614917509375 0.6919083578125 0.6135805359375001 0.6973099421875 0.6073571921875 0.700854490625 0.5999410765625 0.7034574874999999 0.591316209375 0.7033505375 0.58518901875 0.7004909078125 0.5791114375 0.69677524375 0.576724359375 0.6902173609375 0.575613640625 0.68208685625 0.5769807453125 0.6767066515625 0.584428903125 0.6731636640625001 0.5918449906250001 0.672458928125 0.604113846875 0.67350586875 0.6114498171875 0.6753843125000001 0.6138689640625
1 0.620856028125 0.541279871875 0.6207918625 0.53760386875 0.615064990625 0.532801521875 0.608708034375 0.5292353609375 0.599548 0.5306204359375 0.5942335203125 0.54174456875 0.5944046078125 0.5515462 0.5954499859375 0.5588821984375001 0.59916565 0.5612692781249999 0.607426890625 0.5611250765625 0.6156896953125 0.5609808484375 0.6201299125 0.5523239125 0.620856028125 0.541279871875
1 0.1820207796875 0.6531212609375 0.17553103125 0.6495574171875 0.17060979375000002 0.6459661953125 0.15802421093750002 0.6461858781250001 0.15076558906249998 0.65121645 0.1463039921875 0.6586485718749999 0.1529006640625 0.6683380453125001 0.161291796875 0.675545821875 0.1705358140625 0.6790615890625 0.1843055921875 0.6788212375 0.1897285828125 0.6738242703124999 0.18949330312499998 0.6603450734375 0.1820207796875 0.6531212609375
1 0.3631362265625 0.2442621515625 0.3520351453125 0.23955205 0.350178109375 0.238359278125 0.34925949843750004 0.23837531250000002 0.3436240390625 0.24337598906250002 0.339417696875 0.2532555921875 0.3414886078125 0.26670118593750003 0.3499225265625 0.2763601515625 0.3582494953125 0.2798919265625 0.36651073749999996 0.2797477265625 0.3718695359375 0.27107319375 0.3715914984375 0.2551443703125 0.368773065625 0.25151644375000004 0.3631362265625 0.2442621515625
1 0.11190321562500001 0.47662278750000003 0.1082105203125 0.47546205625000004 0.09963885312500001 0.47438492656250003 0.0917490765625 0.479426515625 0.08812052031249999 0.48194022500000006 0.08833439374999999 0.49419304531249997 0.0930312703125 0.5002401203125 0.0986039703125 0.5038199703124999 0.10411250624999999 0.5037238187499999 0.1132923578125 0.5035635843749999 0.1186725640625 0.49611542656249996 0.118458690625 0.48386260625000005 0.11190321562500001 0.47662278750000003
1 1 0.5849148546875 0.99443240625 0.5850120375000001 0.988089734375 0.5887998718749999 0.9817481328125 0.5938128734375 0.9800835625 0.6036465468750001 0.981130503125 0.61098251875 0.984865984375 0.6145944375 0.989455909375 0.6145143203125001 0.9957975109375001 0.6095013171875 1 0.6048542171875 1 0.5849148546875
1 0.98802293125 0.5324190125 0.977774759375 0.5240184640625001 0.9732062125000001 0.5253233953125 0.96599035 0.53280359375 0.9651802515625001 0.5389467921875 0.96432580625 0.5426388281250001 0.9644327296874999 0.5487644578124999 0.9663753390625001 0.5548596078125 0.9607317312499999 0.548829059375 0.9701337609375 0.5596963140625 0.9747236859375 0.559616196875 0.9811492703125 0.5595040375 0.984715196875 0.5533127359375001 0.9882368046875 0.544671834375 0.988108475 0.5373198296874999 0.98802293125 0.5324190125
1 0.9314723109375 0.6596503359375 0.9323267562499999 0.6559582984375 0.9340982765625 0.6522518171875 0.9349954796875 0.65100940625 0.9358056046875 0.6448677703125 0.9357200328124999 0.6399653921875 0.935677275 0.637515765625 0.9318990078124999 0.63145265625 0.9218882578125 0.6389816390624999 0.9183415421875001 0.64394585625 0.9147985562500001 0.6513619453125 0.9148840999999999 0.6562627609375 0.9177881046874999 0.664793065625 0.9214807984375 0.665953796875 0.9279079453125 0.6658416093749999 0.9314723109375 0.6596503359375
1 0.21526769375 0.8216854453125 0.21262034999999999 0.8278591515624999 0.2145415515625 0.832727925 0.21554573281249997 0.83761426875 0.222932684375 0.839935703125 0.2275226109375 0.8398555859375 0.233031146875 0.8397594328125001 0.234909590625 0.84217858125 0.23853812031250002 0.8396633093749999 0.24208266875 0.83224719375 0.2418687953125 0.8199943718749999 0.24084326093750003 0.813884778125 0.23894343906249998 0.810240815625 0.2352705609375 0.8103049265625 0.229577790625 0.8140814171875 0.223421984375 0.815414053125 0.22344336406249998 0.8166388671875 0.219814834375 0.8191541390625 0.21526769375 0.8216854453125
1 0.9453516499999999 0.71824046875 0.9544673640625 0.71440579375 0.9598261640624999 0.7057312609374999 0.9623879375 0.6946551765625 0.9623023937499999 0.6897543609375 0.955866971875 0.691093440625 0.95045381875 0.6948634874999999 0.94411224375 0.6998780531250001 0.94242629375 0.7084869125 0.9453516499999999 0.71824046875