2 0.603125 0.2875 0.071875 0.06640625
2 0.3484375 0.30546875 0.05703125 0.0515625
2 0.2203125 0.315625 0.06171875 0.06015625
2 0.096875 0.36640625 0.053125 0.0484375
2 0.10390625 0.4765625 0.0546875 0.053125
2 0.115625 0.5546875 0.05859375 0.05859375
2 0.128125 0.63515625 0.053125 0.0546875
2 0.259375 0.7109375 0.05703125 0.06015625
2 0.3796875 0.7078125 0.05859375 0.06484375
2 0.6265625 0.6875 0.06796875 0.06796875
2 0.759375 0.6828125 0.06484375 0.06328125
2 0.8953125 0.578125 0.06796875 0.06328125
2 0.890625 0.47578125 0.06484375 0.0703125
2 0.8859375 0.371875 0.05859375 0.06015625