1 0.46094445625 0.46636860625 0.4681439734375 0.4581744625 0.46883128125000006 0.4467154953125 0.46632599375000006 0.437365634375 0.462131009375 0.43222625625 0.455054525 0.43036304843749995 0.44693403906249995 0.428781196875 0.440715971875 0.432953015625 0.43182635312500006 0.44535613124999995 0.4305130265625 0.45447876562499995 0.43189097812500005 0.4666363875 0.435586559375 0.4769209640625 0.44585563749999996 0.47667506406250004 0.45637366406249996 0.47385676718749997 0.46094445625 0.46636860625
1 0.6818673609375 0.670250728125 0.6881915078125 0.662291140625 0.6889417734375 0.6545746484375 0.687626375 0.646157996875 0.682121865625 0.64011585 0.6760418968749999 0.63798724375 0.6678395859374999 0.638931390625 0.6620789046875 0.6454863453125 0.6586984046875 0.653909221875 0.6585745625 0.6639635562499999 0.6616437203125 0.671910290625 0.6687186953124999 0.6737739031250001 0.6784239046875 0.6749311296875 0.6818673609375 0.670250728125
1 0.698076440625 0.5869838859375001 0.702208871875 0.588382296875 0.70803210625 0.5855683109375 0.7138542343750001 0.5827562390625001 0.717548146875 0.5755030375 0.7191748875 0.567550078125 0.7196132484375 0.55866350625 0.7180473921875 0.55281965625 0.71385049375 0.5476791734375 0.7097180625 0.5462807625 0.7031642671875 0.546784809375 0.6956925171874999 0.5500388953125 0.692313528125 0.55846136875 0.6906852781249999 0.5664147328125 0.69294161875 0.578336990625 0.6956962578125 0.5851159625 0.698076440625 0.5869838859375001
1 0.6284440625000001 0.530475921875 0.6275046296875 0.5269699140624999 0.6208652375 0.52373755 0.6139159359375 0.5218418796875001 0.60546316875 0.5253588296875 0.6030236109375 0.5372873125 0.605529303125 0.5466386812499999 0.6082835375 0.55341614375 0.612417478125 0.55481415 0.6203063765625 0.5527003265625 0.6281952734375 0.550586503125 0.6303858828125 0.5412304171875 0.6284440625000001 0.530475921875
1 0.234307928125 0.74256900625 0.2272333578125 0.740706903125 0.22165556875 0.7384421203125 0.20963884687499998 0.7416619921875001 0.203878165625 0.7482169453124999 0.20137454687499998 0.7564048640625 0.21001648125 0.7641104140625 0.219784646875 0.7690101171875 0.22948985624999999 0.7701673437500001 0.242638521875 0.76664416875 0.24664544375 0.760559134375 0.24320072499999998 0.747703265625 0.234307928125 0.74256900625
1 0.310340834375 0.3075339703125 0.2985699609375 0.3056765828125 0.29650319375 0.304978334375 0.2956263140625 0.30521329375 0.29141715156250003 0.31135251875000003 0.289741790625 0.32182258125 0.2949406734375 0.33421004062500004 0.3053352625 0.3414475859375 0.3141635921875 0.342839771875 0.322054 0.34072554374999997 0.3251199796875 0.331134903125 0.3210484328125 0.31593968281249996 0.317479871875 0.31313814687499997 0.310340834375 0.3075339703125
1 0.1249061328125 0.5902342171875 0.12108671093750001 0.590003975 0.11261011875 0.5910232328125 0.1062483484375 0.59773763125 0.10336725312499999 0.6010153093749999 0.1064993671875 0.612704521875 0.1124481109375 0.61737398125 0.1186473109375 0.6194706390625 0.1239070796875 0.6180612890625 0.13267285625 0.61571250625 0.136053759375 0.6072911375000001 0.1329216453125 0.5956019265625 0.1249061328125 0.5902342171875
1 1 0.4822804484375 0.9971559437499999 0.48304251093749995 0.9919772453125001 0.48818948593749995 0.9870945484375 0.4945075671875 0.9878464812500001 0.5043288546875 0.9906026296875 0.511107421875 0.9950480703125001 0.5136739984375 0.9994309593749999 0.5124996078125 1 0.511763228125 1 0.4822804484375
1 0.9784472046875001 0.434187171875 0.9666122703125 0.42858921875 0.9625427953125 0.4309332875 0.9574096421875 0.43982416874999997 0.9580986171875001 0.4459029796875 0.9581615749999999 0.44964545625 0.9597274296875 0.45548930781249997 0.9630470437499999 0.460863240625 0.9561942546875001 0.4564360203125 0.9678058984375 0.46459949375000004 0.9721887875 0.4634251015625 0.9783254343750001 0.4617807921875 0.9802655890624999 0.45499750937499994 0.98157931875 0.44587638281249997 0.9797000499999999 0.43886285625 0.9784472046875001 0.434187171875
1 0.95460509375 0.56960988125 0.9545425406250001 0.5658689125 0.9553549531250001 0.5618918796875 0.9559188234375 0.5604887546875 0.9552298484374999 0.55440994375 0.9539770015625001 0.549734259375 0.9533505796874999 0.5473964171875 0.948278715625 0.5424919984375001 0.9404756828125 0.552098271875 0.9382617609375 0.557702875 0.9366350203125 0.565655834375 0.937887865625 0.57033151875 0.9427092734375 0.5778087390625 0.9465282921875 0.5780374734375 0.9526649390624999 0.5763931640625 0.95460509375 0.56960988125
1 0.306455846875 0.8961168296875 0.3053910640625 0.9026655578125 0.30839766874999996 0.9068713234375 0.31052739375 0.91131205 0.31816583593750003 0.911771028125 0.3225487234375 0.9105966359375 0.3278084921875 0.9091872859375 0.3301886734375 0.911055209375 0.333068259375 0.9077779343750001 0.334695 0.8998249749999999 0.3315632890625 0.8881372734375 0.32912015 0.8825268718749999 0.3264284671875 0.8794903765625 0.32292095 0.8804302140625 0.3183636609375 0.8854090640625 0.3127788890625 0.8881591546875001 0.3130918984375 0.8893273203125001 0.3102123125 0.8926045953124999 0.306455846875 0.8961168296875
1 0.9819098171875 0.6224253546875 0.9897361609375 0.6165705625 0.9928036515625 0.60697951875 0.9926140796875 0.595755509375 0.991361234375 0.591079825 0.9855089203125 0.5938999843749999 0.9812191734375 0.5988087656250001 0.9763353718750001 0.605128759375 0.9767754 0.6137799671875 0.9819098171875 0.6224253546875