1 0.445145125 0.5818988734375 0.44866829375000006 0.590539803125 0.46043132656249997 0.6005497453124999 0.4675561984375 0.603126046875 0.4751410921875 0.59958131875 0.481630840625 0.596017475 0.48449205937500006 0.5899383593749999 0.4846631484375 0.5801367281250001 0.4811843265625 0.5690446375 0.47210983593750006 0.5627587453125 0.46579120312500005 0.5565193953125 0.45477569375 0.55632711875 0.44463444531249996 0.5586020375 0.44352336875000004 0.5696124484375 0.445145125 0.5818988734375
1 0.62572768125 0.3374632453125 0.6329863312499999 0.3424922546875 0.6412689515625 0.34141164218750003 0.646718234375 0.3378296375 0.6506428609375 0.33054389687499997 0.649873959375 0.32195104375 0.6472480203125001 0.3145509625 0.6390921406250001 0.3082811046875 0.6345663796875 0.3045249859375 0.6253223625000001 0.308040753125 0.6188326140625 0.311604596875 0.6177642953125 0.32016538125 0.620347475 0.3300150890625 0.62572768125 0.3374632453125
1 0.6731636640625001 0.408155009375 0.6767066515625 0.41557109687500005 0.68208685625 0.4230192546875 0.6902173609375 0.424386359375 0.69677524375 0.423275640625 0.7004909078125 0.42088856249999995 0.7033505375 0.41481098125000004 0.7034574874999999 0.40868379062500004 0.700854490625 0.4000589234375 0.6973099421875 0.3926428078125 0.6919083578125 0.3864194640625 0.685504153125 0.385082490625 0.6790999484375 0.38374551874999996 0.6753843125000001 0.3861310359375 0.67350586875 0.3885501828125 0.672458928125 0.39588615312500003 0.6731636640625001 0.408155009375
1 0.5942335203125 0.45825543125 0.599548 0.4693795640625 0.608708034375 0.47076463906250005 0.615064990625 0.467198478125 0.6207918625 0.46239613124999995 0.620856028125 0.45872012812499996 0.6201299125 0.4476760875 0.6156896953125 0.43901915156250004 0.607426890625 0.4388749234375 0.59916565 0.438730721875 0.5954499859375 0.44111780156249997 0.5944046078125 0.44845379999999996 0.5942335203125 0.45825543125
1 0.1463039921875 0.34135142812499997 0.15076558906249998 0.34878355 0.15802421093750002 0.353814121875 0.17060979375000002 0.3540338046875 0.17553103125 0.3504425828125 0.1820207796875 0.3468787390625 0.18949330312499998 0.3396549265625 0.1897285828125 0.32617572968749997 0.1843055921875 0.3211787625 0.1705358140625 0.32093841093750003 0.161291796875 0.324454178125 0.1529006640625 0.33166195468750004 0.1463039921875 0.34135142812499997
1 0.3499225265625 0.7236398484375 0.3414886078125 0.7332988140625 0.339417696875 0.7467444078125001 0.3436240390625 0.7566240109375 0.34925949843750004 0.7616246875 0.350178109375 0.761640721875 0.3520351453125 0.76044795 0.3631362265625 0.7557378484374999 0.368773065625 0.74848355625 0.3715914984375 0.7448556296875 0.3718695359375 0.72892680625 0.36651073749999996 0.7202522734375 0.3582494953125 0.7201080734375 0.3499225265625 0.7236398484375
1 0.08833439374999999 0.5058069546875 0.08812052031249999 0.518059775 0.0917490765625 0.5205734843750001 0.09963885312500001 0.5256150734375 0.1082105203125 0.52453794375 0.11190321562500001 0.5233772125 0.118458690625 0.51613739375 0.1186725640625 0.5038845734375 0.1132923578125 0.496436415625 0.10411250624999999 0.49627618125 0.0986039703125 0.4961800296875 0.0930312703125 0.49975987968749996 0.08833439374999999 0.5058069546875
1 1 0.3951457828125 0.9957975109375001 0.3904986828125 0.989455909375 0.3854856796875 0.984865984375 0.3854055625 0.981130503125 0.38901748125 0.9800835625 0.39635345312500003 0.9817481328125 0.4061871265625 0.988089734375 0.41120012812500006 0.99443240625 0.4149879625 1 0.4150851453125 1 0.3951457828125
1 0.9811492703125 0.4404959625 0.9747236859375 0.44038380312500003 0.9701337609375 0.44030368593749997 0.9607317312499999 0.45117094062499996 0.9663753390625001 0.4451403921875 0.9644327296874999 0.4512355421875 0.96432580625 0.45736117187499997 0.9651802515625001 0.4610532078125 0.96599035 0.46719640625 0.9732062125000001 0.4746766046875 0.977774759375 0.4759815359375 0.98802293125 0.4675809875 0.988108475 0.4626801703125 0.9882368046875 0.455328165625 0.984715196875 0.4466872640625 0.9811492703125 0.4404959625
1 0.9148840999999999 0.34373723906250003 0.9147985562500001 0.3486380546875 0.9183415421875001 0.35605414375 0.9218882578125 0.3610183609375 0.9318990078124999 0.36854734375 0.935677275 0.362484234375 0.9357200328124999 0.36003460781249996 0.9358056046875 0.3551322296875 0.9349954796875 0.34899059375 0.9340982765625 0.34774818281250003 0.9323267562499999 0.3440417015625 0.9314723109375 0.3403496640625 0.9279079453125 0.33415839062499997 0.9214807984375 0.334046203125 0.9177881046874999 0.33520693437500004 0.9148840999999999 0.34373723906250003
1 0.219814834375 0.1808458609375 0.22344336406249998 0.1833611328125 0.223421984375 0.18458594687500002 0.229577790625 0.1859185828125 0.2352705609375 0.1896950734375 0.23894343906249998 0.189759184375 0.24084326093750003 0.18611522187500001 0.2418687953125 0.180005628125 0.24208266875 0.16775280625 0.23853812031250002 0.160336690625 0.234909590625 0.15782141875 0.233031146875 0.1602405671875 0.2275226109375 0.1601444140625 0.222932684375 0.16006429687499998 0.21554573281249997 0.16238573125 0.2145415515625 0.16727207500000002 0.21262034999999999 0.1721408484375 0.21526769375 0.1783145546875 0.219814834375 0.1808458609375
1 0.94242629375 0.2915130875 0.94411224375 0.300121946875 0.95045381875 0.30513651249999996 0.955866971875 0.308906559375 0.9623023937499999 0.3102456390625 0.9623879375 0.30534482343749997 0.9598261640624999 0.2942687390625 0.9544673640625 0.28559420625 0.9453516499999999 0.28175953125 0.94242629375 0.2915130875